0.000000000000000000e+00 0.000000000000000000e+00
0.000000000000000000e+00 0.000000000000000000e+00
0.000000000000000000e+00 0.000000000000000000e+00
0.000000000000000000e+00 0.000000000000000000e+00
0.000000000000000000e+00 0.000000000000000000e+00
0.000000000000000000e+00 0.000000000000000000e+00
0.000000000000000000e+00 0.000000000000000000e+00
0.000000000000000000e+00 0.000000000000000000e+00
0.000000000000000000e+00 0.000000000000000000e+00
0.000000000000000000e+00 0.000000000000000000e+00
0.000000000000000000e+00 0.000000000000000000e+00
0.000000000000000000e+00 0.000000000000000000e+00
0.000000000000000000e+00 0.000000000000000000e+00
0.000000000000000000e+00 0.000000000000000000e+00
0.000000000000000000e+00 0.000000000000000000e+00
0.000000000000000000e+00 0.000000000000000000e+00
0.000000000000000000e+00 0.000000000000000000e+00
0.000000000000000000e+00 0.000000000000000000e+00
0.000000000000000000e+00 0.000000000000000000e+00
0.000000000000000000e+00 0.000000000000000000e+00
0.000000000000000000e+00 0.000000000000000000e+00
0.000000000000000000e+00 0.000000000000000000e+00
0.000000000000000000e+00 0.000000000000000000e+00
0.000000000000000000e+00 0.000000000000000000e+00
0.000000000000000000e+00 0.000000000000000000e+00
0.000000000000000000e+00 0.000000000000000000e+00
0.000000000000000000e+00 0.000000000000000000e+00
0.000000000000000000e+00 0.000000000000000000e+00
0.000000000000000000e+00 0.000000000000000000e+00
0.000000000000000000e+00 0.000000000000000000e+00
0.000000000000000000e+00 0.000000000000000000e+00
0.000000000000000000e+00 0.000000000000000000e+00
0.000000000000000000e+00 0.000000000000000000e+00
0.000000000000000000e+00 0.000000000000000000e+00
0.000000000000000000e+00 0.000000000000000000e+00
0.000000000000000000e+00 0.000000000000000000e+00
0.000000000000000000e+00 0.000000000000000000e+00
0.000000000000000000e+00 0.000000000000000000e+00
0.000000000000000000e+00 0.000000000000000000e+00
0.000000000000000000e+00 0.000000000000000000e+00
0.000000000000000000e+00 0.000000000000000000e+00
0.000000000000000000e+00 0.000000000000000000e+00
0.000000000000000000e+00 0.000000000000000000e+00
0.000000000000000000e+00 0.000000000000000000e+00
0.000000000000000000e+00 0.000000000000000000e+00
0.000000000000000000e+00 0.000000000000000000e+00
0.000000000000000000e+00 0.000000000000000000e+00
0.000000000000000000e+00 0.000000000000000000e+00
0.000000000000000000e+00 0.000000000000000000e+00
0.000000000000000000e+00 0.000000000000000000e+00
0.000000000000000000e+00 0.000000000000000000e+00
0.000000000000000000e+00 0.000000000000000000e+00
0.000000000000000000e+00 0.000000000000000000e+00
0.000000000000000000e+00 0.000000000000000000e+00
0.000000000000000000e+00 0.000000000000000000e+00
0.000000000000000000e+00 0.000000000000000000e+00
0.000000000000000000e+00 0.000000000000000000e+00
0.000000000000000000e+00 0.000000000000000000e+00
0.000000000000000000e+00 0.000000000000000000e+00
0.000000000000000000e+00 0.000000000000000000e+00
0.000000000000000000e+00 0.000000000000000000e+00
0.000000000000000000e+00 0.000000000000000000e+00
0.000000000000000000e+00 0.000000000000000000e+00
0.000000000000000000e+00 0.000000000000000000e+00
0.000000000000000000e+00 0.000000000000000000e+00
0.000000000000000000e+00 0.000000000000000000e+00
0.000000000000000000e+00 0.000000000000000000e+00
0.000000000000000000e+00 0.000000000000000000e+00
0.000000000000000000e+00 0.000000000000000000e+00
0.000000000000000000e+00 0.000000000000000000e+00
0.000000000000000000e+00 0.000000000000000000e+00
0.000000000000000000e+00 0.000000000000000000e+00
0.000000000000000000e+00 0.000000000000000000e+00
0.000000000000000000e+00 0.000000000000000000e+00
0.000000000000000000e+00 0.000000000000000000e+00
0.000000000000000000e+00 0.000000000000000000e+00
0.000000000000000000e+00 0.000000000000000000e+00
0.000000000000000000e+00 0.000000000000000000e+00
0.000000000000000000e+00 0.000000000000000000e+00
0.000000000000000000e+00 0.000000000000000000e+00
0.000000000000000000e+00 0.000000000000000000e+00
0.000000000000000000e+00 0.000000000000000000e+00
0.000000000000000000e+00 0.000000000000000000e+00
0.000000000000000000e+00 0.000000000000000000e+00
0.000000000000000000e+00 0.000000000000000000e+00
0.000000000000000000e+00 0.000000000000000000e+00
0.000000000000000000e+00 0.000000000000000000e+00
0.000000000000000000e+00 0.000000000000000000e+00
0.000000000000000000e+00 0.000000000000000000e+00
0.000000000000000000e+00 0.000000000000000000e+00
-3.945151520874101703e-01 -3.732305762286045603e-01
0.000000000000000000e+00 0.000000000000000000e+00
-8.974739871166630134e-02 -8.289629417626404040e-02
0.000000000000000000e+00 0.000000000000000000e+00
-9.367631185832195340e-02 -7.274311942393463237e-02
0.000000000000000000e+00 0.000000000000000000e+00
-1.671761081010280092e-01 -9.176898750951048914e-03
0.000000000000000000e+00 0.000000000000000000e+00
-5.564042127921273867e-02 6.373629799486107972e-03
0.000000000000000000e+00 0.000000000000000000e+00
-4.675820966058176834e-03 1.313645951258929009e-02
0.000000000000000000e+00 0.000000000000000000e+00
-2.038257751146705377e-01 -9.495003344940328160e-02
0.000000000000000000e+00 0.000000000000000000e+00
-2.290006172613400504e-01 -1.379956487349457972e-01
0.000000000000000000e+00 0.000000000000000000e+00
-2.301549380969326319e-01 -2.135930997851000490e-01
0.000000000000000000e+00 0.000000000000000000e+00
-4.790183550240888488e-01 -3.076430854292933614e-01
0.000000000000000000e+00 0.000000000000000000e+00
0.000000000000000000e+00 0.000000000000000000e+00
0.000000000000000000e+00 0.000000000000000000e+00
-5.381399422277393096e-01 -4.340283059259379961e-01
0.000000000000000000e+00 0.000000000000000000e+00
-2.324637582640581845e-01 -7.612463279103753866e-02
0.000000000000000000e+00 0.000000000000000000e+00
-1.301246872167186874e-01 -7.195661768105074407e-02
0.000000000000000000e+00 0.000000000000000000e+00
-1.060844430898008200e-01 -3.628605196217171008e-02
0.000000000000000000e+00 0.000000000000000000e+00
-3.892707175873933584e-02 7.604732700453311137e-03
0.000000000000000000e+00 0.000000000000000000e+00
-1.193820399401265830e-01 -4.683571701560088757e-03
0.000000000000000000e+00 0.000000000000000000e+00
-4.139238136910443067e-01 -1.149901831122913526e-01
0.000000000000000000e+00 0.000000000000000000e+00
-3.896168773730844248e-01 -1.809361737656549896e-01
0.000000000000000000e+00 0.000000000000000000e+00
-4.463475809416808104e-01 -2.449522330370808576e-01
0.000000000000000000e+00 0.000000000000000000e+00
-5.667839665925274995e-01 -3.308371356702742849e-01
0.000000000000000000e+00 0.000000000000000000e+00
0.000000000000000000e+00 0.000000000000000000e+00
0.000000000000000000e+00 0.000000000000000000e+00
-6.744171183508963496e-01 -4.797471378384567386e-01
0.000000000000000000e+00 0.000000000000000000e+00
-3.361486013572502207e-01 -1.214294873085996068e-01
0.000000000000000000e+00 0.000000000000000000e+00
-1.898249069078104256e-01 -1.235671909822226022e-01
0.000000000000000000e+00 0.000000000000000000e+00
-1.426133162513294195e-01 -3.254869549987145227e-02
0.000000000000000000e+00 0.000000000000000000e+00
-1.553364336551481817e-01 -1.605730413254692276e-02
0.000000000000000000e+00 0.000000000000000000e+00
-4.806958009319746428e-02 -1.488235511434520160e-02
0.000000000000000000e+00 0.000000000000000000e+00
-4.626875296679956451e-01 -1.799460881454847394e-01
0.000000000000000000e+00 0.000000000000000000e+00
-4.543896817994075854e-01 -2.475882926478215895e-01
0.000000000000000000e+00 0.000000000000000000e+00
-4.332934496363278765e-01 -3.005961488877622600e-01
0.000000000000000000e+00 0.000000000000000000e+00
-5.901698550761564910e-01 -3.428225324684568975e-01
0.000000000000000000e+00 0.000000000000000000e+00
0.000000000000000000e+00 0.000000000000000000e+00
0.000000000000000000e+00 0.000000000000000000e+00
-7.740786006994384572e-01 -4.909752410306288395e-01
0.000000000000000000e+00 0.000000000000000000e+00
-2.770403222908501828e-01 -1.000759812348719219e-01
0.000000000000000000e+00 0.000000000000000000e+00
-2.012974551289231639e-01 -1.052318598745302786e-01
0.000000000000000000e+00 0.000000000000000000e+00
-1.639042467597074670e-01 -3.306839290819662408e-02
0.000000000000000000e+00 0.000000000000000000e+00
2.502390381044642190e-03 4.263414911763999116e-02
0.000000000000000000e+00 0.000000000000000000e+00
-1.084839582510704892e-01 6.130712312951208665e-02
0.000000000000000000e+00 0.000000000000000000e+00
-3.737894434539266730e-01 -8.982186946011838646e-02
0.000000000000000000e+00 0.000000000000000000e+00
-5.178354252274389724e-01 -1.916069318278079692e-01
0.000000000000000000e+00 0.000000000000000000e+00
-5.883646999572282876e-01 -2.820555585313123115e-01
0.000000000000000000e+00 0.000000000000000000e+00
-5.791008977083540454e-01 -3.244479236019161550e-01
0.000000000000000000e+00 0.000000000000000000e+00
0.000000000000000000e+00 0.000000000000000000e+00
0.000000000000000000e+00 0.000000000000000000e+00
-7.364083706248767403e-01 -4.126611597859579650e-01
0.000000000000000000e+00 0.000000000000000000e+00
-2.473036293588279089e-01 5.486350386964263665e-03
0.000000000000000000e+00 0.000000000000000000e+00
-1.929484791936412758e-01 -6.709003692023219820e-03
0.000000000000000000e+00 0.000000000000000000e+00
-2.641917809588867350e-02 5.523795448598786684e-02
0.000000000000000000e+00 0.000000000000000000e+00
-4.979007836880508520e-02 1.136106446122948366e-01
0.000000000000000000e+00 0.000000000000000000e+00
-1.553736107068600658e-01 1.250911122074355453e-01
0.000000000000000000e+00 0.000000000000000000e+00
-4.339457870454834776e-01 1.152768952633518446e-01
0.000000000000000000e+00 0.000000000000000000e+00
-5.144188391386784742e-01 -6.454594778471885175e-02
0.000000000000000000e+00 0.000000000000000000e+00
-5.927033370515336630e-01 -1.667007409279293306e-01
0.000000000000000000e+00 0.000000000000000000e+00
-5.341567914964896469e-01 -2.330163135578506017e-01
0.000000000000000000e+00 0.000000000000000000e+00
0.000000000000000000e+00 0.000000000000000000e+00
0.000000000000000000e+00 0.000000000000000000e+00
-7.690060039138881809e-01 -3.063824628817059526e-01
0.000000000000000000e+00 0.000000000000000000e+00
-3.143711066162593326e-01 1.033780089382281553e-01
0.000000000000000000e+00 0.000000000000000000e+00
-2.069543302218968539e-01 1.287734017150328480e-01
0.000000000000000000e+00 0.000000000000000000e+00
-2.136571217441585180e-01 1.446035203145872305e-01
0.000000000000000000e+00 0.000000000000000000e+00
-1.474790483259880158e-01 1.536481718747070013e-01
0.000000000000000000e+00 0.000000000000000000e+00
-1.171608190309489927e-01 1.930180536713720085e-01
0.000000000000000000e+00 0.000000000000000000e+00
-4.169666912002452097e-01 1.764283137991510819e-01
0.000000000000000000e+00 0.000000000000000000e+00
-6.931121710164839245e-01 1.390946472152574387e-01
0.000000000000000000e+00 0.000000000000000000e+00
-4.730164093319609298e-01 -8.017941998542860160e-02
0.000000000000000000e+00 0.000000000000000000e+00
-6.637212354465100717e-01 -1.827165365758274540e-01
0.000000000000000000e+00 0.000000000000000000e+00
0.000000000000000000e+00 0.000000000000000000e+00
0.000000000000000000e+00 0.000000000000000000e+00
-7.910804255065586599e-01 -1.845880120831648874e-01
0.000000000000000000e+00 0.000000000000000000e+00
-2.682236570202370385e-01 2.478615753326042503e-01
0.000000000000000000e+00 0.000000000000000000e+00
-1.256294996530729902e-01 2.768628660270878727e-01
0.000000000000000000e+00 0.000000000000000000e+00
-1.754051717782309852e-02 3.512450497228750690e-01
0.000000000000000000e+00 0.000000000000000000e+00
-3.123994769024487222e-02 3.022538120872457212e-01
0.000000000000000000e+00 0.000000000000000000e+00
-1.821052509298283772e-01 3.362164254758002735e-01
0.000000000000000000e+00 0.000000000000000000e+00
-4.110291205412285320e-01 2.993915566306552534e-01
0.000000000000000000e+00 0.000000000000000000e+00
-5.215093204734565502e-01 1.873387275926254869e-01
0.000000000000000000e+00 0.000000000000000000e+00
-4.547987177495897426e-01 2.254759819975524771e-01
0.000000000000000000e+00 0.000000000000000000e+00
-5.053504249170811535e-01 7.439434101530208177e-02
0.000000000000000000e+00 0.000000000000000000e+00
0.000000000000000000e+00 0.000000000000000000e+00
0.000000000000000000e+00 0.000000000000000000e+00
-6.938247157174315394e-01 -1.193336140720884786e-01
0.000000000000000000e+00 0.000000000000000000e+00
-3.122256909388708146e-01 2.983456614242762095e-01
0.000000000000000000e+00 0.000000000000000000e+00
-1.757687600933741934e-01 3.070105900004515553e-01
0.000000000000000000e+00 0.000000000000000000e+00
-1.712963790204005965e-01 3.475040409633595173e-01
0.000000000000000000e+00 0.000000000000000000e+00
-2.202881387152921810e-02 3.747758289466903703e-01
0.000000000000000000e+00 0.000000000000000000e+00
-1.939247003111502776e-01 3.583505731245559267e-01
0.000000000000000000e+00 0.000000000000000000e+00
-4.376431294375487391e-01 2.873251597470384833e-01
0.000000000000000000e+00 0.000000000000000000e+00
-5.402043936745323238e-01 1.794992479014497766e-01
0.000000000000000000e+00 0.000000000000000000e+00
-4.787110009731921911e-01 1.390788956204355442e-01
0.000000000000000000e+00 0.000000000000000000e+00
-6.134650112498909458e-01 1.124748262490851414e-01
0.000000000000000000e+00 0.000000000000000000e+00
0.000000000000000000e+00 0.000000000000000000e+00
0.000000000000000000e+00 0.000000000000000000e+00
-7.725144001151196260e-01 -5.279503091303693330e-01
-2.230611872201603285e-01 -1.664700400516048728e-01
-4.063449074259523619e-01 -2.230147317830118436e-01
-1.753557174934713137e-01 1.108579631378641822e-01
-3.941268744463235496e-01 -2.754915714224342449e-01
-8.941055948463708103e-02 1.219247145519423703e-01
-2.844848014628114652e-01 -2.038825881944862917e-01
-1.325343352814233600e-01 2.204728919787138364e-01
-2.467777852122219895e-01 -2.504139304973088120e-01
-1.665178573330797218e-01 2.254219819355106347e-01
-2.213879849682987844e-01 -2.539816305772978344e-01
-5.186998175636683972e-02 1.583286577530930717e-01
-4.518118965752036531e-01 -2.952488459767181883e-01
-2.019584831454113716e-01 2.166628293836124208e-01
-5.282808676474701759e-01 -2.802795691298765046e-01
-2.300260794143351439e-01 1.348772818885033420e-01
-5.640864796689071259e-01 -3.548712913803845903e-01
-2.886679277824640844e-01 -3.126499927809990760e-03
-5.934928516595426862e-01 -4.549375564703620478e-01
-5.026230272336404958e-01 -4.903500793795199236e-02
0.000000000000000000e+00 0.000000000000000000e+00
0.000000000000000000e+00 0.000000000000000000e+00
-7.892829142085830973e-01 -5.509886762494780044e-01
-5.509427124101031747e-01 -2.382563562441697980e-01
-3.721023094294779732e-01 -3.252670240575488703e-01
-1.760696515478917534e-01 1.259554739472804885e-01
-3.513883024267255850e-01 -2.662463592208575425e-01
-1.072141797023032500e-01 8.858995096552825521e-02
-1.985248930950771207e-01 -2.966968752190142222e-01
-2.316238047270030020e-01 1.474751728355828129e-01
-1.662362028675238024e-01 -2.623920176753549716e-01
2.461114114791149166e-02 2.296565642476557367e-01
-2.809744171295024406e-01 -2.602528417507203318e-01
3.466491310143353377e-02 1.488976722593693680e-01
-4.695883482503482309e-01 -3.116407809416888441e-01
-2.911744261894305130e-01 1.809004447301459373e-01
-5.731802371306582433e-01 -2.587410848036119093e-01
-5.408261980826218895e-01 2.736283724233487882e-02
-5.109955159899201016e-01 -4.142514793433945686e-01
-4.360766471968422486e-01 2.017452323166131489e-02
-5.186140536419057145e-01 -4.694144900764849471e-01
-5.865894443947853309e-01 -3.422442349123563932e-02
0.000000000000000000e+00 0.000000000000000000e+00
0.000000000000000000e+00 0.000000000000000000e+00
-7.682906281996585429e-01 -5.658175964766707366e-01
-5.093453017223289470e-01 -2.919740424400578682e-01
-4.389446547289097555e-01 -3.736583000352909911e-01
-2.408519847823628324e-01 7.637143402278270821e-02
-2.075897103104997754e-01 -3.526108473512395425e-01
-1.432681492186662631e-01 3.458490023989425205e-02
-8.503679901994043444e-02 -3.489460969766338128e-01
-1.190700791650306511e-01 1.218885235096939385e-01
-9.643460693534638972e-02 -3.861011258565540394e-01
-1.356518140992615251e-01 1.950805635330039034e-01
-8.514194264566512030e-03 -3.677793105461679146e-01
-3.492207869811602555e-02 1.539820241394508349e-01
-5.374308453490463933e-01 -3.489241916346996764e-01
-3.794250074466770650e-01 1.272499416391585092e-01
-5.357939304208964026e-01 -4.223584610480758395e-01
-3.298279433660389892e-01 1.196531639943397424e-01
-5.204485115898537240e-01 -4.510144226447260207e-01
-4.563644680159226197e-01 -6.549119685556095694e-02
-6.215825444038114433e-01 -5.110571791472440228e-01
-5.673570228219732003e-01 -1.557025645921761015e-01
0.000000000000000000e+00 0.000000000000000000e+00
0.000000000000000000e+00 0.000000000000000000e+00
-7.737920225293889454e-01 -5.959631978032956523e-01
-4.791545992294575784e-01 -3.799359671841097130e-01
-3.660906594681245241e-01 -4.943127250850775090e-01
-1.828749435341242013e-01 3.856015115623270817e-02
-3.411112123593242895e-01 -5.011964576989588194e-01
-3.011002157430039960e-01 7.975936996610097363e-02
-2.019224475168272803e-01 -5.076159472605255019e-01
-9.921183674344384584e-02 9.014553928990508280e-02
-1.614167730659322175e-01 -3.928986534530375940e-01
-1.836972446817518589e-01 1.821967499530840195e-01
-2.017405063415257105e-01 -3.694058973044193617e-01
-7.386548293428286949e-02 1.469472489288747019e-01
-5.226997790775987918e-01 -3.553894576040693143e-01
-3.305691736017104532e-01 3.686535286225913616e-02
-6.144015358275319860e-01 -4.251863925329843474e-01
-3.877486382749936178e-01 5.182133383132251497e-02
-5.933773279473167905e-01 -4.837149278929451790e-01
-5.372206334305504871e-01 -1.279252464002632317e-01
-6.157657514492825834e-01 -5.586749714038646841e-01
-5.369047705116789526e-01 -1.300854270918568867e-01
0.000000000000000000e+00 0.000000000000000000e+00
0.000000000000000000e+00 0.000000000000000000e+00
-7.611874772315326831e-01 -6.724224487880972045e-01
-5.698737083877496445e-01 -3.949619415096402020e-01
-2.340072513433784362e-01 -4.764742339594342790e-01
-1.215452648124805135e-01 -4.292952807984901781e-02
-1.912699538404533939e-01 -3.894459094890059259e-01
-2.802672188920770635e-01 2.118912006773049708e-02
-4.679055767434249502e-02 -4.995360466347104067e-01
-1.856171208480099921e-01 3.633163716977447222e-02
-1.479834686883112760e-01 -4.955312105941280798e-01
-2.020010938430216729e-02 1.189736645460890696e-01
-1.635411630512761394e-01 -5.059794498072872626e-01
-9.065143295142337465e-02 7.668598424503676736e-02
-5.639980161500575129e-01 -4.019759857014628679e-01
-4.138527811359639652e-01 -3.959761049691817164e-02
-5.938032184970588601e-01 -5.601284460274082999e-01
-5.316953509959755353e-01 -7.967265830426344120e-02
-6.521080360850186608e-01 -5.308181607600144236e-01
-4.393417332264947239e-01 -1.407719652144336087e-01
-5.535356808948556084e-01 -5.999334265967466440e-01
-5.288705719396283866e-01 -2.581246487557047886e-01
0.000000000000000000e+00 0.000000000000000000e+00
0.000000000000000000e+00 0.000000000000000000e+00
-6.725836445145005893e-01 -7.307466708041919778e-01
-5.240280521704702155e-01 -3.962861905141556451e-01
-2.031604390653510006e-01 -6.306773944527358511e-01
-8.010555036193629797e-02 3.975721920826253558e-02
-1.785300171534960900e-01 -5.515048671159781257e-01
-1.599726886667606485e-01 5.470987521318898539e-02
-1.535285761847130295e-02 -5.872553857618921791e-01
-4.117864552730519934e-02 3.200483534375676842e-02
9.132489498890426077e-04 -5.752426015452039021e-01
1.887757125019971088e-02 1.063591941475061503e-01
7.063654267703337736e-03 -4.961948832196113046e-01
8.366456475871565657e-02 1.127151298261254986e-01
3.478976372724405797e-02 -4.399578236957193966e-01
-1.142705634397584158e-01 1.403265376852103896e-01
-4.336769913295381307e-01 -5.186973916683821351e-01
-3.398351036510315337e-01 -8.143752130310215331e-02
-3.184427307847005895e-01 -5.479456967596016970e-01
-2.105896220388858708e-01 -1.020134601662543161e-01
-4.829770142117153497e-01 -6.924787434720957036e-01
-4.724097038228744494e-01 -1.926191023246415779e-01
0.000000000000000000e+00 0.000000000000000000e+00
0.000000000000000000e+00 0.000000000000000000e+00
-3.394337944922210526e-01 -7.239475296337157806e-01
-3.655304521856762023e-01 -3.040240093289344192e-01
1.329360665378064854e-01 -6.489316018091112470e-01
1.680178973317155156e-01 3.988443420991737501e-03
1.145723507356937176e-01 -5.807049412486255946e-01
2.125877270668859453e-01 6.950970056574183598e-02
2.847644142845548454e-01 -6.045224755903858549e-01
7.290685063691222656e-02 1.403577487659223855e-01
2.731921531028332906e-01 -7.063732956510065941e-01
3.465030199739404515e-01 1.930402635935871691e-01
3.715580580851865489e-01 -6.085468077641753570e-01
2.734126807912508061e-01 1.303903049441834106e-01
4.055427809676837581e-01 -6.056741199064726855e-01
5.639585661924320092e-01 1.446903236385424785e-01
1.489783062312304562e-01 -5.810678239518110022e-01
1.619175277937547619e-01 4.508670022394140747e-02
-2.172390229798769057e-01 -6.091880668888743910e-01
-1.757496268528396799e-01 -4.327211970179849210e-02
-2.238315270036328741e-01 -6.883846503424092544e-01
-2.398315678980090238e-01 -1.863764180566086504e-01
0.000000000000000000e+00 0.000000000000000000e+00
0.000000000000000000e+00 0.000000000000000000e+00
-6.492673183351764521e-02 -8.245476820799014783e-01
-2.198257984403018117e-01 -2.882241326818873461e-01
3.574666337587423248e-01 -8.018016727023982160e-01
3.236352593844164516e-01 1.094120732480294844e-01
3.904838827709447568e-01 -6.926286392907344824e-01
4.241947314451494089e-01 1.718596262962399923e-01
3.231846549106292543e-01 -7.357721303463675699e-01
4.022899203358324405e-01 1.282400615831491009e-01
4.699158784972217173e-01 -7.659774056716818214e-01
5.590177960064052209e-01 2.716180753959842042e-01
4.748184833601807875e-01 -7.951052603628666615e-01
4.778021284752237419e-01 2.191929692950522202e-01
5.960670200436984922e-01 -6.665351305647191360e-01
6.459290705683546907e-01 8.577612136401492615e-02
5.077743435001891292e-01 -6.902568379997321424e-01
6.227300947271076081e-01 8.974234475542686162e-02
2.725580593745703939e-01 -6.903629861759770225e-01
3.067849442103784963e-01 -3.178226029269565905e-02
1.925634707218118816e-02 -7.058252701770076909e-01
2.622458780600312594e-02 -1.649707757331424496e-01
0.000000000000000000e+00 0.000000000000000000e+00
0.000000000000000000e+00 0.000000000000000000e+00
5.600980060749792544e-02 -8.721945733061058359e-01
3.664126007255736478e-02 -1.756771755236134769e-01
6.522142293481519859e-01 -8.409660231588641510e-01
6.487280131560694274e-01 1.734069671145650193e-01
5.466492472201882613e-01 -8.001681363414930859e-01
5.941704354358503526e-01 1.729859231459535962e-01
5.670457681870624267e-01 -8.275209435298499505e-01
6.054214373254864778e-01 1.696452231901780794e-01
7.926862008101736023e-01 -8.579013354576014994e-01
6.260898545969481033e-01 2.637031821294398837e-01
7.272570880736196619e-01 -8.631180226216609297e-01
6.715164199556603597e-01 2.486004599154607864e-01
7.544685951913562283e-01 -9.053782702819052064e-01
8.128351247648430977e-01 2.539308131994620910e-01
7.586153257186769583e-01 -8.299037026802301709e-01
8.524568201167339598e-01 1.714327098334867960e-01
7.764574041221616874e-01 -8.895874769956454431e-01
7.716254225935180733e-01 1.355804436331235208e-01
4.609445843639550233e-01 -8.627002603754940768e-01
4.909093986751669192e-01 -9.800075694848299490e-02
0.000000000000000000e+00 0.000000000000000000e+00
0.000000000000000000e+00 0.000000000000000000e+00
6.283905188501008876e-01 -9.993553451553099931e-01
1.017299564083387065e+00 -1.152908450487684783e-01
9.259514635781207481e-01 -9.914673832522148400e-01
1.387865251089931418e+00 2.656512128122064387e-01
8.393559474218523775e-01 -9.950907184244293102e-01
1.412285446891031970e+00 2.606221752440409656e-01
8.920526034459443920e-01 -9.928074887907007984e-01
1.394405300797224134e+00 2.308026122269045688e-01
8.755891315777478701e-01 -9.871163398374683817e-01
1.413441042519703705e+00 2.863265105820069767e-01
8.964688722035717428e-01 -9.916371823254956919e-01
1.406532241093954694e+00 3.299316147054848769e-01
9.185076046981207609e-01 -9.984389021477598769e-01
1.407631392170171969e+00 2.706703960762800731e-01
9.160144093594932979e-01 -9.987102699357420788e-01
1.419067823167229569e+00 2.027946160866436198e-01
9.399128074356547513e-01 -9.984852683150693409e-01
1.412009021791563512e+00 1.510549832317278907e-01
8.780168156364940302e-01 -9.999999999917252858e-01
1.302263813787918334e+00 3.122409946325356567e-02
0.000000000000000000e+00 0.000000000000000000e+00
0.000000000000000000e+00 0.000000000000000000e+00
0.000000000000000000e+00 0.000000000000000000e+00
0.000000000000000000e+00 0.000000000000000000e+00
0.000000000000000000e+00 0.000000000000000000e+00
0.000000000000000000e+00 0.000000000000000000e+00
0.000000000000000000e+00 0.000000000000000000e+00
0.000000000000000000e+00 0.000000000000000000e+00
0.000000000000000000e+00 0.000000000000000000e+00
0.000000000000000000e+00 0.000000000000000000e+00
0.000000000000000000e+00 0.000000000000000000e+00
0.000000000000000000e+00 0.000000000000000000e+00
0.000000000000000000e+00 0.000000000000000000e+00
0.000000000000000000e+00 0.000000000000000000e+00
0.000000000000000000e+00 0.000000000000000000e+00
0.000000000000000000e+00 0.000000000000000000e+00
0.000000000000000000e+00 0.000000000000000000e+00
0.000000000000000000e+00 0.000000000000000000e+00
0.000000000000000000e+00 0.000000000000000000e+00
0.000000000000000000e+00 0.000000000000000000e+00
0.000000000000000000e+00 0.000000000000000000e+00
0.000000000000000000e+00 0.000000000000000000e+00
0.000000000000000000e+00 0.000000000000000000e+00
0.000000000000000000e+00 0.000000000000000000e+00
0.000000000000000000e+00 0.000000000000000000e+00
0.000000000000000000e+00 0.000000000000000000e+00
0.000000000000000000e+00 0.000000000000000000e+00
0.000000000000000000e+00 0.000000000000000000e+00
0.000000000000000000e+00 0.000000000000000000e+00
0.000000000000000000e+00 0.000000000000000000e+00
0.000000000000000000e+00 0.000000000000000000e+00
0.000000000000000000e+00 0.000000000000000000e+00
0.000000000000000000e+00 0.000000000000000000e+00
0.000000000000000000e+00 0.000000000000000000e+00
0.000000000000000000e+00 0.000000000000000000e+00
0.000000000000000000e+00 0.000000000000000000e+00
0.000000000000000000e+00 0.000000000000000000e+00
0.000000000000000000e+00 0.000000000000000000e+00
0.000000000000000000e+00 0.000000000000000000e+00
0.000000000000000000e+00 0.000000000000000000e+00
0.000000000000000000e+00 0.000000000000000000e+00
0.000000000000000000e+00 0.000000000000000000e+00
0.000000000000000000e+00 0.000000000000000000e+00
0.000000000000000000e+00 0.000000000000000000e+00
0.000000000000000000e+00 0.000000000000000000e+00
0.000000000000000000e+00 0.000000000000000000e+00
0.000000000000000000e+00 0.000000000000000000e+00
0.000000000000000000e+00 0.000000000000000000e+00
0.000000000000000000e+00 0.000000000000000000e+00
0.000000000000000000e+00 0.000000000000000000e+00
0.000000000000000000e+00 0.000000000000000000e+00
0.000000000000000000e+00 0.000000000000000000e+00
0.000000000000000000e+00 0.000000000000000000e+00
0.000000000000000000e+00 0.000000000000000000e+00
0.000000000000000000e+00 0.000000000000000000e+00
0.000000000000000000e+00 0.000000000000000000e+00
0.000000000000000000e+00 0.000000000000000000e+00
0.000000000000000000e+00 0.000000000000000000e+00
0.000000000000000000e+00 0.000000000000000000e+00
0.000000000000000000e+00 0.000000000000000000e+00
0.000000000000000000e+00 0.000000000000000000e+00
0.000000000000000000e+00 0.000000000000000000e+00
0.000000000000000000e+00 0.000000000000000000e+00
0.000000000000000000e+00 0.000000000000000000e+00
0.000000000000000000e+00 0.000000000000000000e+00
0.000000000000000000e+00 0.000000000000000000e+00
0.000000000000000000e+00 0.000000000000000000e+00
0.000000000000000000e+00 0.000000000000000000e+00
0.000000000000000000e+00 0.000000000000000000e+00
0.000000000000000000e+00 0.000000000000000000e+00
0.000000000000000000e+00 0.000000000000000000e+00
0.000000000000000000e+00 0.000000000000000000e+00
0.000000000000000000e+00 0.000000000000000000e+00
0.000000000000000000e+00 0.000000000000000000e+00
0.000000000000000000e+00 0.000000000000000000e+00
0.000000000000000000e+00 0.000000000000000000e+00
0.000000000000000000e+00 0.000000000000000000e+00
0.000000000000000000e+00 0.000000000000000000e+00
0.000000000000000000e+00 0.000000000000000000e+00
0.000000000000000000e+00 0.000000000000000000e+00
0.000000000000000000e+00 0.000000000000000000e+00
0.000000000000000000e+00 0.000000000000000000e+00
0.000000000000000000e+00 0.000000000000000000e+00
0.000000000000000000e+00 0.000000000000000000e+00
0.000000000000000000e+00 0.000000000000000000e+00
0.000000000000000000e+00 0.000000000000000000e+00
0.000000000000000000e+00 0.000000000000000000e+00
0.000000000000000000e+00 0.000000000000000000e+00
0.000000000000000000e+00 0.000000000000000000e+00
0.000000000000000000e+00 0.000000000000000000e+00
0.000000000000000000e+00 0.000000000000000000e+00
0.000000000000000000e+00 0.000000000000000000e+00
0.000000000000000000e+00 0.000000000000000000e+00
0.000000000000000000e+00 0.000000000000000000e+00
0.000000000000000000e+00 0.000000000000000000e+00
0.000000000000000000e+00 0.000000000000000000e+00
0.000000000000000000e+00 0.000000000000000000e+00
0.000000000000000000e+00 0.000000000000000000e+00
0.000000000000000000e+00 0.000000000000000000e+00
0.000000000000000000e+00 0.000000000000000000e+00
0.000000000000000000e+00 0.000000000000000000e+00
0.000000000000000000e+00 0.000000000000000000e+00
0.000000000000000000e+00 0.000000000000000000e+00
0.000000000000000000e+00 0.000000000000000000e+00
0.000000000000000000e+00 0.000000000000000000e+00
0.000000000000000000e+00 0.000000000000000000e+00
0.000000000000000000e+00 0.000000000000000000e+00
0.000000000000000000e+00 0.000000000000000000e+00
0.000000000000000000e+00 0.000000000000000000e+00
0.000000000000000000e+00 0.000000000000000000e+00
0.000000000000000000e+00 0.000000000000000000e+00
0.000000000000000000e+00 0.000000000000000000e+00
0.000000000000000000e+00 0.000000000000000000e+00
0.000000000000000000e+00 0.000000000000000000e+00
0.000000000000000000e+00 0.000000000000000000e+00
0.000000000000000000e+00 0.000000000000000000e+00
0.000000000000000000e+00 0.000000000000000000e+00
0.000000000000000000e+00 0.000000000000000000e+00
0.000000000000000000e+00 0.000000000000000000e+00
0.000000000000000000e+00 0.000000000000000000e+00
0.000000000000000000e+00 0.000000000000000000e+00
0.000000000000000000e+00 0.000000000000000000e+00
0.000000000000000000e+00 0.000000000000000000e+00
0.000000000000000000e+00 0.000000000000000000e+00
0.000000000000000000e+00 0.000000000000000000e+00
0.000000000000000000e+00 0.000000000000000000e+00
0.000000000000000000e+00 0.000000000000000000e+00
0.000000000000000000e+00 0.000000000000000000e+00
0.000000000000000000e+00 0.000000000000000000e+00
0.000000000000000000e+00 0.000000000000000000e+00
0.000000000000000000e+00 0.000000000000000000e+00
0.000000000000000000e+00 0.000000000000000000e+00
0.000000000000000000e+00 0.000000000000000000e+00
0.000000000000000000e+00 0.000000000000000000e+00
0.000000000000000000e+00 0.000000000000000000e+00
0.000000000000000000e+00 0.000000000000000000e+00
0.000000000000000000e+00 0.000000000000000000e+00
0.000000000000000000e+00 0.000000000000000000e+00
0.000000000000000000e+00 0.000000000000000000e+00
0.000000000000000000e+00 0.000000000000000000e+00
0.000000000000000000e+00 0.000000000000000000e+00
0.000000000000000000e+00 0.000000000000000000e+00
0.000000000000000000e+00 0.000000000000000000e+00
0.000000000000000000e+00 0.000000000000000000e+00
0.000000000000000000e+00 0.000000000000000000e+00
0.000000000000000000e+00 0.000000000000000000e+00
0.000000000000000000e+00 0.000000000000000000e+00
0.000000000000000000e+00 0.000000000000000000e+00
0.000000000000000000e+00 0.000000000000000000e+00
0.000000000000000000e+00 0.000000000000000000e+00
0.000000000000000000e+00 0.000000000000000000e+00
0.000000000000000000e+00 0.000000000000000000e+00
0.000000000000000000e+00 0.000000000000000000e+00
0.000000000000000000e+00 0.000000000000000000e+00
0.000000000000000000e+00 0.000000000000000000e+00
0.000000000000000000e+00 0.000000000000000000e+00
0.000000000000000000e+00 0.000000000000000000e+00
0.000000000000000000e+00 0.000000000000000000e+00
0.000000000000000000e+00 0.000000000000000000e+00
0.000000000000000000e+00 0.000000000000000000e+00
0.000000000000000000e+00 0.000000000000000000e+00
0.000000000000000000e+00 0.000000000000000000e+00
0.000000000000000000e+00 0.000000000000000000e+00
0.000000000000000000e+00 0.000000000000000000e+00
0.000000000000000000e+00 0.000000000000000000e+00
0.000000000000000000e+00 0.000000000000000000e+00
0.000000000000000000e+00 0.000000000000000000e+00
0.000000000000000000e+00 0.000000000000000000e+00
0.000000000000000000e+00 0.000000000000000000e+00
0.000000000000000000e+00 0.000000000000000000e+00
0.000000000000000000e+00 0.000000000000000000e+00
0.000000000000000000e+00 0.000000000000000000e+00
0.000000000000000000e+00 0.000000000000000000e+00
0.000000000000000000e+00 0.000000000000000000e+00
0.000000000000000000e+00 0.000000000000000000e+00
0.000000000000000000e+00 0.000000000000000000e+00
0.000000000000000000e+00 0.000000000000000000e+00
0.000000000000000000e+00 0.000000000000000000e+00
0.000000000000000000e+00 0.000000000000000000e+00
0.000000000000000000e+00 0.000000000000000000e+00
0.000000000000000000e+00 0.000000000000000000e+00
0.000000000000000000e+00 0.000000000000000000e+00
0.000000000000000000e+00 0.000000000000000000e+00
0.000000000000000000e+00 0.000000000000000000e+00
0.000000000000000000e+00 0.000000000000000000e+00
0.000000000000000000e+00 0.000000000000000000e+00
0.000000000000000000e+00 0.000000000000000000e+00
0.000000000000000000e+00 0.000000000000000000e+00
0.000000000000000000e+00 0.000000000000000000e+00
0.000000000000000000e+00 0.000000000000000000e+00
0.000000000000000000e+00 0.000000000000000000e+00
0.000000000000000000e+00 0.000000000000000000e+00
0.000000000000000000e+00 0.000000000000000000e+00
0.000000000000000000e+00 0.000000000000000000e+00
0.000000000000000000e+00 0.000000000000000000e+00
0.000000000000000000e+00 0.000000000000000000e+00
0.000000000000000000e+00 0.000000000000000000e+00
0.000000000000000000e+00 0.000000000000000000e+00
0.000000000000000000e+00 0.000000000000000000e+00
0.000000000000000000e+00 0.000000000000000000e+00
0.000000000000000000e+00 0.000000000000000000e+00
0.000000000000000000e+00 0.000000000000000000e+00
0.000000000000000000e+00 0.000000000000000000e+00
0.000000000000000000e+00 0.000000000000000000e+00
0.000000000000000000e+00 0.000000000000000000e+00
0.000000000000000000e+00 0.000000000000000000e+00
0.000000000000000000e+00 0.000000000000000000e+00
0.000000000000000000e+00 0.000000000000000000e+00
0.000000000000000000e+00 0.000000000000000000e+00
0.000000000000000000e+00 0.000000000000000000e+00
0.000000000000000000e+00 0.000000000000000000e+00
0.000000000000000000e+00 0.000000000000000000e+00
0.000000000000000000e+00 0.000000000000000000e+00
0.000000000000000000e+00 0.000000000000000000e+00
0.000000000000000000e+00 0.000000000000000000e+00
0.000000000000000000e+00 0.000000000000000000e+00
0.000000000000000000e+00 0.000000000000000000e+00
0.000000000000000000e+00 0.000000000000000000e+00
0.000000000000000000e+00 0.000000000000000000e+00
0.000000000000000000e+00 0.000000000000000000e+00
0.000000000000000000e+00 0.000000000000000000e+00
0.000000000000000000e+00 0.000000000000000000e+00
0.000000000000000000e+00 0.000000000000000000e+00
0.000000000000000000e+00 0.000000000000000000e+00
