0.000000000000000000e+00 0.000000000000000000e+00
0.000000000000000000e+00 0.000000000000000000e+00
0.000000000000000000e+00 0.000000000000000000e+00
0.000000000000000000e+00 0.000000000000000000e+00
0.000000000000000000e+00 0.000000000000000000e+00
0.000000000000000000e+00 0.000000000000000000e+00
0.000000000000000000e+00 0.000000000000000000e+00
0.000000000000000000e+00 0.000000000000000000e+00
0.000000000000000000e+00 0.000000000000000000e+00
0.000000000000000000e+00 0.000000000000000000e+00
0.000000000000000000e+00 0.000000000000000000e+00
0.000000000000000000e+00 0.000000000000000000e+00
0.000000000000000000e+00 0.000000000000000000e+00
0.000000000000000000e+00 0.000000000000000000e+00
0.000000000000000000e+00 0.000000000000000000e+00
0.000000000000000000e+00 0.000000000000000000e+00
0.000000000000000000e+00 0.000000000000000000e+00
0.000000000000000000e+00 0.000000000000000000e+00
0.000000000000000000e+00 0.000000000000000000e+00
0.000000000000000000e+00 0.000000000000000000e+00
0.000000000000000000e+00 0.000000000000000000e+00
0.000000000000000000e+00 0.000000000000000000e+00
0.000000000000000000e+00 0.000000000000000000e+00
0.000000000000000000e+00 0.000000000000000000e+00
0.000000000000000000e+00 0.000000000000000000e+00
0.000000000000000000e+00 0.000000000000000000e+00
0.000000000000000000e+00 0.000000000000000000e+00
0.000000000000000000e+00 0.000000000000000000e+00
0.000000000000000000e+00 0.000000000000000000e+00
0.000000000000000000e+00 0.000000000000000000e+00
0.000000000000000000e+00 0.000000000000000000e+00
0.000000000000000000e+00 0.000000000000000000e+00
0.000000000000000000e+00 0.000000000000000000e+00
0.000000000000000000e+00 0.000000000000000000e+00
0.000000000000000000e+00 0.000000000000000000e+00
0.000000000000000000e+00 0.000000000000000000e+00
0.000000000000000000e+00 0.000000000000000000e+00
0.000000000000000000e+00 0.000000000000000000e+00
0.000000000000000000e+00 0.000000000000000000e+00
0.000000000000000000e+00 0.000000000000000000e+00
0.000000000000000000e+00 0.000000000000000000e+00
0.000000000000000000e+00 0.000000000000000000e+00
0.000000000000000000e+00 0.000000000000000000e+00
0.000000000000000000e+00 0.000000000000000000e+00
0.000000000000000000e+00 0.000000000000000000e+00
0.000000000000000000e+00 0.000000000000000000e+00
0.000000000000000000e+00 0.000000000000000000e+00
0.000000000000000000e+00 0.000000000000000000e+00
0.000000000000000000e+00 0.000000000000000000e+00
0.000000000000000000e+00 0.000000000000000000e+00
0.000000000000000000e+00 0.000000000000000000e+00
0.000000000000000000e+00 0.000000000000000000e+00
0.000000000000000000e+00 0.000000000000000000e+00
0.000000000000000000e+00 0.000000000000000000e+00
0.000000000000000000e+00 0.000000000000000000e+00
0.000000000000000000e+00 0.000000000000000000e+00
0.000000000000000000e+00 0.000000000000000000e+00
0.000000000000000000e+00 0.000000000000000000e+00
0.000000000000000000e+00 0.000000000000000000e+00
0.000000000000000000e+00 0.000000000000000000e+00
0.000000000000000000e+00 0.000000000000000000e+00
0.000000000000000000e+00 0.000000000000000000e+00
0.000000000000000000e+00 0.000000000000000000e+00
0.000000000000000000e+00 0.000000000000000000e+00
0.000000000000000000e+00 0.000000000000000000e+00
0.000000000000000000e+00 0.000000000000000000e+00
0.000000000000000000e+00 0.000000000000000000e+00
0.000000000000000000e+00 0.000000000000000000e+00
0.000000000000000000e+00 0.000000000000000000e+00
0.000000000000000000e+00 0.000000000000000000e+00
0.000000000000000000e+00 0.000000000000000000e+00
0.000000000000000000e+00 0.000000000000000000e+00
0.000000000000000000e+00 0.000000000000000000e+00
0.000000000000000000e+00 0.000000000000000000e+00
0.000000000000000000e+00 0.000000000000000000e+00
0.000000000000000000e+00 0.000000000000000000e+00
0.000000000000000000e+00 0.000000000000000000e+00
0.000000000000000000e+00 0.000000000000000000e+00
0.000000000000000000e+00 0.000000000000000000e+00
0.000000000000000000e+00 0.000000000000000000e+00
0.000000000000000000e+00 0.000000000000000000e+00
0.000000000000000000e+00 0.000000000000000000e+00
0.000000000000000000e+00 0.000000000000000000e+00
0.000000000000000000e+00 0.000000000000000000e+00
0.000000000000000000e+00 0.000000000000000000e+00
0.000000000000000000e+00 0.000000000000000000e+00
0.000000000000000000e+00 0.000000000000000000e+00
0.000000000000000000e+00 0.000000000000000000e+00
0.000000000000000000e+00 0.000000000000000000e+00
0.000000000000000000e+00 0.000000000000000000e+00
-7.183110929689450197e-01 -4.300077150196255915e-01
0.000000000000000000e+00 0.000000000000000000e+00
-1.164105463679200175e-01 -9.454126370199936180e-02
0.000000000000000000e+00 0.000000000000000000e+00
-2.261105572759564419e-01 -4.436627039188471844e-02
0.000000000000000000e+00 0.000000000000000000e+00
-8.229565366043110897e-02 -6.518658972777603353e-03
0.000000000000000000e+00 0.000000000000000000e+00
-7.882363515272412802e-02 7.495528116226566999e-03
0.000000000000000000e+00 0.000000000000000000e+00
-7.395072657162590768e-02 -1.256840728874757465e-02
0.000000000000000000e+00 0.000000000000000000e+00
-4.850345660234339218e-01 -9.130807314945840747e-02
0.000000000000000000e+00 0.000000000000000000e+00
-4.930740760299384684e-01 -1.252836930475642874e-01
0.000000000000000000e+00 0.000000000000000000e+00
-4.756980864601921266e-01 -1.965872626612858998e-01
0.000000000000000000e+00 0.000000000000000000e+00
-5.452834174095430031e-01 -3.063297002605480657e-01
0.000000000000000000e+00 0.000000000000000000e+00
0.000000000000000000e+00 0.000000000000000000e+00
0.000000000000000000e+00 0.000000000000000000e+00
-7.191915831407127424e-01 -4.537475275798258934e-01
0.000000000000000000e+00 0.000000000000000000e+00
-1.666791832884303159e-01 -1.020372452762416116e-01
0.000000000000000000e+00 0.000000000000000000e+00
-2.459987084776295851e-01 -6.621582511518318837e-02
0.000000000000000000e+00 0.000000000000000000e+00
-2.380748872590219278e-01 -5.195527157635619619e-02
0.000000000000000000e+00 0.000000000000000000e+00
-1.640409143631470570e-02 3.510480451686363162e-02
0.000000000000000000e+00 0.000000000000000000e+00
-1.565895033336347220e-01 -1.895205803391768196e-02
0.000000000000000000e+00 0.000000000000000000e+00
-5.006380007962724088e-01 -9.107714571728896258e-02
0.000000000000000000e+00 0.000000000000000000e+00
-5.355040123060230695e-01 -2.005973730382719367e-01
0.000000000000000000e+00 0.000000000000000000e+00
-6.444684184080416989e-01 -2.460264681845199253e-01
0.000000000000000000e+00 0.000000000000000000e+00
-5.746709752790399861e-01 -3.309449505618950460e-01
0.000000000000000000e+00 0.000000000000000000e+00
0.000000000000000000e+00 0.000000000000000000e+00
0.000000000000000000e+00 0.000000000000000000e+00
-7.713547890122011141e-01 -4.461616369073268529e-01
0.000000000000000000e+00 0.000000000000000000e+00
-1.974823257780995434e-01 -1.344870142322865114e-01
0.000000000000000000e+00 0.000000000000000000e+00
-3.316064173210944710e-01 -1.086294779647179604e-01
0.000000000000000000e+00 0.000000000000000000e+00
-2.045795635771433252e-01 -6.752470310347549742e-02
0.000000000000000000e+00 0.000000000000000000e+00
-2.224850178621325947e-01 -2.771952965486739612e-02
0.000000000000000000e+00 0.000000000000000000e+00
-6.429482166748694272e-02 -4.183295882322636550e-02
0.000000000000000000e+00 0.000000000000000000e+00
-5.477133016843757085e-01 -1.727467048335801780e-01
0.000000000000000000e+00 0.000000000000000000e+00
-5.961509145958466815e-01 -2.240755819834402973e-01
0.000000000000000000e+00 0.000000000000000000e+00
-4.728569880865966524e-01 -3.123768278620585037e-01
0.000000000000000000e+00 0.000000000000000000e+00
-6.200917711492498485e-01 -3.755595839829738991e-01
0.000000000000000000e+00 0.000000000000000000e+00
0.000000000000000000e+00 0.000000000000000000e+00
0.000000000000000000e+00 0.000000000000000000e+00
-7.148040065154410705e-01 -4.922362690124156837e-01
0.000000000000000000e+00 0.000000000000000000e+00
-1.387880144503361446e-01 -9.759033927068196113e-02
0.000000000000000000e+00 0.000000000000000000e+00
-3.184946211798776461e-01 -5.317491048253102093e-02
0.000000000000000000e+00 0.000000000000000000e+00
-1.753591958995000810e-01 -2.275590225838874589e-02
0.000000000000000000e+00 0.000000000000000000e+00
-1.459919238931536856e-02 9.996252873618882706e-03
0.000000000000000000e+00 0.000000000000000000e+00
-2.149469982630625997e-01 -1.732568163609651823e-02
0.000000000000000000e+00 0.000000000000000000e+00
-5.031270273286363448e-01 -8.086076558233405709e-02
0.000000000000000000e+00 0.000000000000000000e+00
-4.820196461522129328e-01 -2.244509047171217853e-01
0.000000000000000000e+00 0.000000000000000000e+00
-5.489486021664247151e-01 -2.670033316330696072e-01
0.000000000000000000e+00 0.000000000000000000e+00
-5.682625922441317812e-01 -3.353190249890837249e-01
0.000000000000000000e+00 0.000000000000000000e+00
0.000000000000000000e+00 0.000000000000000000e+00
0.000000000000000000e+00 0.000000000000000000e+00
-7.424202915306308270e-01 -3.806926016224292386e-01
0.000000000000000000e+00 0.000000000000000000e+00
-2.534264573749724359e-01 -1.225195996051871468e-02
0.000000000000000000e+00 0.000000000000000000e+00
-2.059231876232722747e-01 3.905235943511240621e-02
0.000000000000000000e+00 0.000000000000000000e+00
-7.641678739599769288e-02 3.625556402942582690e-02
0.000000000000000000e+00 0.000000000000000000e+00
-1.292537844807774838e-01 1.196788025639211744e-01
0.000000000000000000e+00 0.000000000000000000e+00
-6.648843781155688859e-02 1.165014538011075462e-01
0.000000000000000000e+00 0.000000000000000000e+00
-4.854805625858462093e-01 1.058868092846826231e-01
0.000000000000000000e+00 0.000000000000000000e+00
-4.533183477511329995e-01 -6.175250731330901577e-02
0.000000000000000000e+00 0.000000000000000000e+00
-5.357480988443492631e-01 -1.981859343253457861e-01
0.000000000000000000e+00 0.000000000000000000e+00
-5.766825652779440370e-01 -2.527405581104272825e-01
0.000000000000000000e+00 0.000000000000000000e+00
0.000000000000000000e+00 0.000000000000000000e+00
0.000000000000000000e+00 0.000000000000000000e+00
-8.173093649454824527e-01 -3.153868691839251670e-01
0.000000000000000000e+00 0.000000000000000000e+00
-1.883627463497277721e-01 9.093855516569905595e-02
0.000000000000000000e+00 0.000000000000000000e+00
-3.096147111886920489e-01 1.217485037239806472e-01
0.000000000000000000e+00 0.000000000000000000e+00
-1.039180099289305492e-01 1.195554005898265687e-01
0.000000000000000000e+00 0.000000000000000000e+00
-9.623307498811588256e-02 1.730830865020949183e-01
0.000000000000000000e+00 0.000000000000000000e+00
-4.750907679106563392e-02 2.133468701432861270e-01
0.000000000000000000e+00 0.000000000000000000e+00
-5.335574116105746834e-01 1.998903314980204071e-01
0.000000000000000000e+00 0.000000000000000000e+00
-4.344135232319918383e-01 1.066370535246194129e-01
0.000000000000000000e+00 0.000000000000000000e+00
-5.620926521405358312e-01 -8.266360252010657161e-02
0.000000000000000000e+00 0.000000000000000000e+00
-6.458748912368365014e-01 -1.349854394496781129e-01
0.000000000000000000e+00 0.000000000000000000e+00
0.000000000000000000e+00 0.000000000000000000e+00
0.000000000000000000e+00 0.000000000000000000e+00
-8.422223247955276104e-01 -1.676074974613891155e-01
0.000000000000000000e+00 0.000000000000000000e+00
-2.332303346999849147e-01 1.762607963794995403e-01
0.000000000000000000e+00 0.000000000000000000e+00
-2.569284570284328661e-01 2.709507625498171479e-01
0.000000000000000000e+00 0.000000000000000000e+00
-2.047084185420055269e-01 3.184273709729648072e-01
0.000000000000000000e+00 0.000000000000000000e+00
-1.153731079096284723e-01 3.218383213484228289e-01
0.000000000000000000e+00 0.000000000000000000e+00
-8.525237190099875517e-02 3.106601623153076863e-01
0.000000000000000000e+00 0.000000000000000000e+00
-4.372364088891150247e-01 2.982469403321187373e-01
0.000000000000000000e+00 0.000000000000000000e+00
-5.411514887772241877e-01 2.681982609854471344e-01
0.000000000000000000e+00 0.000000000000000000e+00
-5.691976751699379111e-01 1.793303767101631641e-01
0.000000000000000000e+00 0.000000000000000000e+00
-5.706804872819586372e-01 1.073146043027379572e-02
0.000000000000000000e+00 0.000000000000000000e+00
0.000000000000000000e+00 0.000000000000000000e+00
0.000000000000000000e+00 0.000000000000000000e+00
-7.366278274451798502e-01 -1.321533173005822182e-01
0.000000000000000000e+00 0.000000000000000000e+00
-2.646351910591799861e-01 2.774067144979391331e-01
0.000000000000000000e+00 0.000000000000000000e+00
-1.499343194851071037e-01 3.058578623733512747e-01
0.000000000000000000e+00 0.000000000000000000e+00
-1.559898586632551543e-01 3.146457277455185775e-01
0.000000000000000000e+00 0.000000000000000000e+00
-2.323557009505037851e-01 3.677351974673744861e-01
0.000000000000000000e+00 0.000000000000000000e+00
-2.425213399853912710e-01 2.748946290458469943e-01
0.000000000000000000e+00 0.000000000000000000e+00
-5.366340393429599454e-01 3.303477272793581832e-01
0.000000000000000000e+00 0.000000000000000000e+00
-3.736391008398867175e-01 2.696539118245310784e-01
0.000000000000000000e+00 0.000000000000000000e+00
-5.124226574080255059e-01 1.732229189609470754e-01
0.000000000000000000e+00 0.000000000000000000e+00
-6.252279147885896338e-01 9.680109311212693746e-02
0.000000000000000000e+00 0.000000000000000000e+00
0.000000000000000000e+00 0.000000000000000000e+00
0.000000000000000000e+00 0.000000000000000000e+00
-7.610429134384658623e-01 -5.697965393402216749e-01
-6.273941096511265192e-01 -2.538039200950601981e-01
-3.172970160502347481e-01 -2.686342516185465379e-01
-2.681121927785986014e-01 1.324135605228140278e-01
-3.425740605060504373e-01 -1.725126293184590098e-01
-3.356574458717817011e-01 1.499109266285579001e-01
-2.200768833192488227e-01 -2.929449174770730746e-01
-3.369910099845686569e-01 1.418189592466470306e-01
-8.556215869733128920e-02 -2.804443614421497366e-01
-1.022668338960190521e-01 1.993948755701076547e-01
-2.420283179765501391e-01 -1.819030115426913397e-01
-5.675576037409316849e-02 1.995845356267459680e-01
-4.388307586464957333e-01 -2.094399894227164660e-01
-3.697534721973365635e-01 1.891093927386091889e-01
-5.361176578120042668e-01 -2.591157130923967267e-01
-4.966116263418215437e-01 1.266479324032273590e-01
-5.915294531029398062e-01 -3.790810221762543342e-01
-4.429702214034367258e-01 4.224600689220284894e-02
-5.357783528744093360e-01 -3.868851982905298637e-01
-5.869131720450245782e-01 -4.280703842818191912e-02
0.000000000000000000e+00 0.000000000000000000e+00
0.000000000000000000e+00 0.000000000000000000e+00
-7.137746103917120832e-01 -5.275775162023944587e-01
-8.253450848723444810e-01 -2.266977012822025406e-01
-3.282509025776915168e-01 -3.910431659480158584e-01
-2.449435491416252497e-01 9.682810774126701658e-02
-2.470476126124210303e-01 -4.024323105900892150e-01
-3.141489218314222898e-01 1.238388921161328038e-01
-3.042010601174054973e-01 -2.825793323672782797e-01
-1.296260500146272365e-01 1.440240180462348529e-01
-1.100603666749930820e-01 -2.593602893812425036e-01
-6.777001200301334405e-02 2.237651002284751500e-01
-2.142340805607333143e-01 -3.382399234964317269e-01
-6.783815680293474315e-02 1.538599973016423761e-01
-5.163999509921282094e-01 -2.760378487107609802e-01
-5.541198377682149401e-01 1.043438201536678184e-01
-6.060667037297686743e-01 -3.751730707791359754e-01
-4.355763466948684437e-01 8.877220683296060955e-02
-5.351759242614091416e-01 -4.101853516352801376e-01
-5.045487997123465629e-01 -1.126426546491339845e-02
-6.350439073783203936e-01 -4.822652423606192396e-01
-5.346983229706292473e-01 -9.521838198354852512e-02
0.000000000000000000e+00 0.000000000000000000e+00
0.000000000000000000e+00 0.000000000000000000e+00
-7.802526382806924676e-01 -6.038905799574001421e-01
-7.942929963696976348e-01 -2.561502444775978216e-01
-3.202271603751500884e-01 -3.939391190049498781e-01
-2.724184120364890327e-01 1.088973129025703340e-01
-1.962408569374190781e-01 -4.324488048215064384e-01
-2.205334828001902225e-01 9.103629273214598749e-02
-1.405736907454674944e-01 -3.747124154191017742e-01
-1.762892532560401126e-01 1.038500201552533253e-01
-7.782511745537254444e-02 -2.738919575322568689e-01
-1.811920726498595369e-01 1.210304270755704209e-01
-2.420473207870183774e-01 -3.893637959153508077e-01
-9.857617310540707500e-02 1.469024572664728301e-01
-4.757357438038938846e-01 -4.275925478540413271e-01
-3.423870048700713431e-01 5.689778783663688305e-02
-5.169426206813191316e-01 -3.770982659145065696e-01
-4.571561994591080147e-01 2.719561026004472040e-02
-6.455612510020048989e-01 -3.648594502601519296e-01
-5.930139420384321625e-01 -6.999105803586962160e-02
-6.128758424215755563e-01 -6.097527946364780238e-01
-6.103960181253377248e-01 -1.413442930574178857e-01
0.000000000000000000e+00 0.000000000000000000e+00
0.000000000000000000e+00 0.000000000000000000e+00
-7.917887209040294083e-01 -5.911082070096034258e-01
-8.048939748672194749e-01 -3.322771178276170967e-01
-3.604906451484147234e-01 -4.581628933244977775e-01
-3.644194932197966641e-01 7.885703184893561035e-02
-2.096909268778625324e-01 -4.146103840392204587e-01
-2.509049229748530618e-01 1.037613480561719453e-01
-3.028512111923075678e-01 -4.413764466988429058e-01
-1.658766263159657528e-01 5.710387661127414027e-02
-8.277286581919164610e-02 -3.570596052964880585e-01
-6.154623688741575616e-04 1.240940506307793983e-01
-1.665037984882530020e-01 -3.719524006683314066e-01
4.199767102095736462e-03 1.154405574805898171e-01
-4.744011497750381112e-01 -3.909485501947904118e-01
-4.118453953259898492e-01 7.013627880669782988e-02
-5.566115911075443234e-01 -4.018051527167280645e-01
-4.244213280169669700e-01 6.245452466047034246e-02
-5.625621927177907322e-01 -4.778663681759927617e-01
-5.144758097797110796e-01 -9.122748660618487659e-02
-6.863146045079010493e-01 -4.689722545219241479e-01
-5.993051492350628395e-01 -1.121720622300202558e-01
0.000000000000000000e+00 0.000000000000000000e+00
0.000000000000000000e+00 0.000000000000000000e+00
-6.940723136263832194e-01 -6.665239750914014882e-01
-7.577245410871940035e-01 -3.921965339425618202e-01
-2.468754283512509251e-01 -5.686701795200039822e-01
-2.121075355354103964e-01 -2.451656449663785695e-02
-1.469291843593052704e-01 -5.133949927853523887e-01
-2.012600436120831615e-01 2.048928693089263967e-02
-2.193939622569358316e-01 -4.954819306321496253e-01
-1.946125343494289617e-01 3.012918437962534834e-02
-2.891094693230192858e-01 -5.158401640646840258e-01
-3.214852167172267960e-01 1.038064417956588714e-01
-2.381389355749408132e-01 -4.149294402131512571e-01
-6.295850562758177615e-02 6.306886850780958620e-02
-5.824715161725598778e-01 -4.048070194501122154e-01
-4.586449216150508268e-01 -3.910076566807933751e-02
-5.500721228766718429e-01 -4.675670416653451289e-01
-5.493742843934368292e-01 -7.446611646123758865e-02
-5.596861253911986633e-01 -4.722616309104251120e-01
-5.464854776228001976e-01 -1.705623159698267388e-01
-5.444701755362385542e-01 -6.166301459433333187e-01
-5.550608117204834935e-01 -2.168288890068195141e-01
0.000000000000000000e+00 0.000000000000000000e+00
0.000000000000000000e+00 0.000000000000000000e+00
-7.022568756883716956e-01 -7.007399929542478256e-01
-5.438275490056886374e-01 -3.156407728452055306e-01
-3.563525632934681081e-02 -5.249914262055329628e-01
-1.218299272819611534e-01 6.514948706254106853e-03
-6.800185665943947466e-02 -5.686191695140860869e-01
-1.546254051960827686e-02 6.686301411968448294e-02
-6.540590702892450092e-02 -6.268710706025795165e-01
-8.916434821105559405e-02 3.542180720947626232e-02
-4.524010108056032708e-02 -5.465892049952679743e-01
-5.948974296369000797e-02 1.803563484975714004e-01
-5.269531795910946392e-02 -5.809950017237259789e-01
5.073242383819732970e-02 1.235317371703756190e-01
-1.219788195490162097e-01 -5.510011944049393318e-01
-1.458893962731868110e-01 5.930047961428539655e-02
-4.107985664616524146e-01 -5.817421440785186526e-01
-3.097992519151318014e-01 3.941021602833037762e-02
-5.096440070219796503e-01 -5.797544740583898681e-01
-4.485693942176092186e-01 -5.641690208522199407e-02
-5.138563145333973070e-01 -6.183530411215190092e-01
-4.205473436776890339e-01 -2.104510579359675781e-01
0.000000000000000000e+00 0.000000000000000000e+00
0.000000000000000000e+00 0.000000000000000000e+00
-3.252118944589153515e-01 -7.350799575419425524e-01
-3.857244266214704953e-01 -3.089307205794754041e-01
4.551778101830979140e-02 -7.076545447893833884e-01
3.505464136925482560e-02 1.131554525618414936e-01
1.359065529412206430e-01 -6.619406446153057733e-01
8.836570261714088090e-03 8.612828253673406043e-02
1.300476912034089494e-01 -5.179155250798137544e-01
1.791267058007385282e-01 1.346120164606234293e-01
1.973594546591851406e-01 -6.066066048743518069e-01
1.549223642584069138e-01 2.275224663156637517e-01
1.886363489725201847e-01 -5.677444291045131708e-01
1.481935810594004199e-01 1.818451172677431060e-01
3.815077414989313520e-01 -5.667298861263794230e-01
3.754451070214711583e-01 2.436656096688880890e-01
7.680607677207765271e-02 -6.663649314528601320e-01
1.222671077090583397e-01 1.054764947079943165e-02
-1.718847396412583051e-01 -6.107124311381459947e-01
-1.389174580087171595e-01 -5.145379443750543874e-02
-2.582988603020496265e-01 -5.871258684716623710e-01
-3.035637764829159368e-01 -2.372940328315668312e-01
0.000000000000000000e+00 0.000000000000000000e+00
0.000000000000000000e+00 0.000000000000000000e+00
-4.120002375420358381e-02 -7.767802570711919152e-01
-1.648338848526406664e-01 -2.785354028107408508e-01
3.146950450195810101e-01 -7.964554805252064273e-01
3.720660124038452921e-01 1.431226037677278962e-01
4.145929307821954457e-01 -8.127128361835391779e-01
3.942078558989198234e-01 1.806922326244458088e-01
3.229674212460529881e-01 -7.427903933678841053e-01
4.279054827078059842e-01 2.066027902932175420e-01
4.852156430925258501e-01 -7.113850976019706618e-01
4.791984560353287348e-01 2.222632198317987251e-01
5.122597184187821506e-01 -7.654059855899271181e-01
4.610960930065254870e-01 2.895505772574532566e-01
5.711220383653342614e-01 -6.995612895825462640e-01
7.248206490100724819e-01 2.615503375495238925e-01
5.746355834806263774e-01 -6.786592949854592938e-01
7.100166733091382021e-01 2.281852935164006557e-01
2.092960206911787246e-01 -7.769328487645404957e-01
2.655450443358079449e-01 8.250372209059611550e-02
8.847088503224562195e-05 -7.369774300237874609e-01
2.309390898082218369e-02 -8.245346509094686471e-02
0.000000000000000000e+00 0.000000000000000000e+00
0.000000000000000000e+00 0.000000000000000000e+00
5.655231124800122466e-02 -9.165851721726668844e-01
9.237613736593543179e-02 -2.291324881310024264e-01
6.305368022206923051e-01 -8.368247132650519227e-01
5.984670444813848800e-01 1.555049931178261458e-01
6.779581432393307905e-01 -8.020731217705567850e-01
6.790678596594114103e-01 1.914261552936462329e-01
7.188467254640968918e-01 -8.633586265300770002e-01
6.783409541851896929e-01 2.074975476983578482e-01
6.995236824228783235e-01 -8.155351406298305683e-01
7.802005141868835203e-01 2.903908222233484993e-01
6.930361280327914653e-01 -8.249438417550485347e-01
7.282812780877316872e-01 2.908762667446490591e-01
7.927056892932925480e-01 -8.188217681867819842e-01
7.645792296440985236e-01 2.326776179242228682e-01
7.736446561136948175e-01 -8.573637727154161947e-01
8.316648998494244882e-01 1.883411537715328210e-01
7.650777057242859058e-01 -8.866076850036263002e-01
7.775208346975173157e-01 1.391588387696322537e-01
3.360984845724463987e-01 -8.680918522767822054e-01
5.126609240546055046e-01 -4.236849616606287727e-02
0.000000000000000000e+00 0.000000000000000000e+00
0.000000000000000000e+00 0.000000000000000000e+00
5.944006974551996336e-01 -9.999999999999944489e-01
9.174909106098793066e-01 -8.576327002285628887e-02
8.654771649388387500e-01 -9.999999999895734515e-01
1.431755777465148372e+00 2.428644618212053019e-01
8.722509205618648176e-01 -9.999999999873794287e-01
1.400825323575661141e+00 2.471075526566512137e-01
8.844779592572366012e-01 -9.999999999552239283e-01
1.416069709061534176e+00 2.542478294943764094e-01
8.967435842007761559e-01 -9.999999998989359540e-01
1.407518726543120602e+00 3.118199169094488243e-01
8.816761401577228874e-01 -9.999999998801057943e-01
1.424333501181162864e+00 2.848672127360760142e-01
9.495774791902775736e-01 -9.999999999999943379e-01
1.394936545846756415e+00 2.421260215280355566e-01
9.248393603516641415e-01 -9.999999999999944489e-01
1.410171792804467028e+00 1.870766887783499588e-01
9.302209127688616519e-01 -9.999999999999944489e-01
1.412353645520163070e+00 9.495230441241596375e-02
8.910591303545655206e-01 -9.999999999999944489e-01
1.362776292877472928e+00 -2.442795148721936538e-02
0.000000000000000000e+00 0.000000000000000000e+00
0.000000000000000000e+00 0.000000000000000000e+00
0.000000000000000000e+00 0.000000000000000000e+00
0.000000000000000000e+00 0.000000000000000000e+00
0.000000000000000000e+00 0.000000000000000000e+00
0.000000000000000000e+00 0.000000000000000000e+00
0.000000000000000000e+00 0.000000000000000000e+00
0.000000000000000000e+00 0.000000000000000000e+00
0.000000000000000000e+00 0.000000000000000000e+00
0.000000000000000000e+00 0.000000000000000000e+00
0.000000000000000000e+00 0.000000000000000000e+00
0.000000000000000000e+00 0.000000000000000000e+00
0.000000000000000000e+00 0.000000000000000000e+00
0.000000000000000000e+00 0.000000000000000000e+00
0.000000000000000000e+00 0.000000000000000000e+00
0.000000000000000000e+00 0.000000000000000000e+00
0.000000000000000000e+00 0.000000000000000000e+00
0.000000000000000000e+00 0.000000000000000000e+00
0.000000000000000000e+00 0.000000000000000000e+00
0.000000000000000000e+00 0.000000000000000000e+00
0.000000000000000000e+00 0.000000000000000000e+00
0.000000000000000000e+00 0.000000000000000000e+00
0.000000000000000000e+00 0.000000000000000000e+00
0.000000000000000000e+00 0.000000000000000000e+00
0.000000000000000000e+00 0.000000000000000000e+00
0.000000000000000000e+00 0.000000000000000000e+00
0.000000000000000000e+00 0.000000000000000000e+00
0.000000000000000000e+00 0.000000000000000000e+00
0.000000000000000000e+00 0.000000000000000000e+00
0.000000000000000000e+00 0.000000000000000000e+00
0.000000000000000000e+00 0.000000000000000000e+00
0.000000000000000000e+00 0.000000000000000000e+00
0.000000000000000000e+00 0.000000000000000000e+00
0.000000000000000000e+00 0.000000000000000000e+00
0.000000000000000000e+00 0.000000000000000000e+00
0.000000000000000000e+00 0.000000000000000000e+00
0.000000000000000000e+00 0.000000000000000000e+00
0.000000000000000000e+00 0.000000000000000000e+00
0.000000000000000000e+00 0.000000000000000000e+00
0.000000000000000000e+00 0.000000000000000000e+00
0.000000000000000000e+00 0.000000000000000000e+00
0.000000000000000000e+00 0.000000000000000000e+00
0.000000000000000000e+00 0.000000000000000000e+00
0.000000000000000000e+00 0.000000000000000000e+00
0.000000000000000000e+00 0.000000000000000000e+00
0.000000000000000000e+00 0.000000000000000000e+00
0.000000000000000000e+00 0.000000000000000000e+00
0.000000000000000000e+00 0.000000000000000000e+00
0.000000000000000000e+00 0.000000000000000000e+00
0.000000000000000000e+00 0.000000000000000000e+00
0.000000000000000000e+00 0.000000000000000000e+00
0.000000000000000000e+00 0.000000000000000000e+00
0.000000000000000000e+00 0.000000000000000000e+00
0.000000000000000000e+00 0.000000000000000000e+00
0.000000000000000000e+00 0.000000000000000000e+00
0.000000000000000000e+00 0.000000000000000000e+00
0.000000000000000000e+00 0.000000000000000000e+00
0.000000000000000000e+00 0.000000000000000000e+00
0.000000000000000000e+00 0.000000000000000000e+00
0.000000000000000000e+00 0.000000000000000000e+00
0.000000000000000000e+00 0.000000000000000000e+00
0.000000000000000000e+00 0.000000000000000000e+00
0.000000000000000000e+00 0.000000000000000000e+00
0.000000000000000000e+00 0.000000000000000000e+00
0.000000000000000000e+00 0.000000000000000000e+00
0.000000000000000000e+00 0.000000000000000000e+00
0.000000000000000000e+00 0.000000000000000000e+00
0.000000000000000000e+00 0.000000000000000000e+00
0.000000000000000000e+00 0.000000000000000000e+00
0.000000000000000000e+00 0.000000000000000000e+00
0.000000000000000000e+00 0.000000000000000000e+00
0.000000000000000000e+00 0.000000000000000000e+00
0.000000000000000000e+00 0.000000000000000000e+00
0.000000000000000000e+00 0.000000000000000000e+00
0.000000000000000000e+00 0.000000000000000000e+00
0.000000000000000000e+00 0.000000000000000000e+00
0.000000000000000000e+00 0.000000000000000000e+00
0.000000000000000000e+00 0.000000000000000000e+00
0.000000000000000000e+00 0.000000000000000000e+00
0.000000000000000000e+00 0.000000000000000000e+00
0.000000000000000000e+00 0.000000000000000000e+00
0.000000000000000000e+00 0.000000000000000000e+00
0.000000000000000000e+00 0.000000000000000000e+00
0.000000000000000000e+00 0.000000000000000000e+00
0.000000000000000000e+00 0.000000000000000000e+00
0.000000000000000000e+00 0.000000000000000000e+00
0.000000000000000000e+00 0.000000000000000000e+00
0.000000000000000000e+00 0.000000000000000000e+00
0.000000000000000000e+00 0.000000000000000000e+00
0.000000000000000000e+00 0.000000000000000000e+00
0.000000000000000000e+00 0.000000000000000000e+00
0.000000000000000000e+00 0.000000000000000000e+00
0.000000000000000000e+00 0.000000000000000000e+00
0.000000000000000000e+00 0.000000000000000000e+00
0.000000000000000000e+00 0.000000000000000000e+00
0.000000000000000000e+00 0.000000000000000000e+00
0.000000000000000000e+00 0.000000000000000000e+00
0.000000000000000000e+00 0.000000000000000000e+00
0.000000000000000000e+00 0.000000000000000000e+00
0.000000000000000000e+00 0.000000000000000000e+00
0.000000000000000000e+00 0.000000000000000000e+00
0.000000000000000000e+00 0.000000000000000000e+00
0.000000000000000000e+00 0.000000000000000000e+00
0.000000000000000000e+00 0.000000000000000000e+00
0.000000000000000000e+00 0.000000000000000000e+00
0.000000000000000000e+00 0.000000000000000000e+00
0.000000000000000000e+00 0.000000000000000000e+00
0.000000000000000000e+00 0.000000000000000000e+00
0.000000000000000000e+00 0.000000000000000000e+00
0.000000000000000000e+00 0.000000000000000000e+00
0.000000000000000000e+00 0.000000000000000000e+00
0.000000000000000000e+00 0.000000000000000000e+00
0.000000000000000000e+00 0.000000000000000000e+00
0.000000000000000000e+00 0.000000000000000000e+00
0.000000000000000000e+00 0.000000000000000000e+00
0.000000000000000000e+00 0.000000000000000000e+00
0.000000000000000000e+00 0.000000000000000000e+00
0.000000000000000000e+00 0.000000000000000000e+00
0.000000000000000000e+00 0.000000000000000000e+00
0.000000000000000000e+00 0.000000000000000000e+00
0.000000000000000000e+00 0.000000000000000000e+00
0.000000000000000000e+00 0.000000000000000000e+00
0.000000000000000000e+00 0.000000000000000000e+00
0.000000000000000000e+00 0.000000000000000000e+00
0.000000000000000000e+00 0.000000000000000000e+00
0.000000000000000000e+00 0.000000000000000000e+00
0.000000000000000000e+00 0.000000000000000000e+00
0.000000000000000000e+00 0.000000000000000000e+00
0.000000000000000000e+00 0.000000000000000000e+00
0.000000000000000000e+00 0.000000000000000000e+00
0.000000000000000000e+00 0.000000000000000000e+00
0.000000000000000000e+00 0.000000000000000000e+00
0.000000000000000000e+00 0.000000000000000000e+00
0.000000000000000000e+00 0.000000000000000000e+00
0.000000000000000000e+00 0.000000000000000000e+00
0.000000000000000000e+00 0.000000000000000000e+00
0.000000000000000000e+00 0.000000000000000000e+00
0.000000000000000000e+00 0.000000000000000000e+00
0.000000000000000000e+00 0.000000000000000000e+00
0.000000000000000000e+00 0.000000000000000000e+00
0.000000000000000000e+00 0.000000000000000000e+00
0.000000000000000000e+00 0.000000000000000000e+00
0.000000000000000000e+00 0.000000000000000000e+00
0.000000000000000000e+00 0.000000000000000000e+00
0.000000000000000000e+00 0.000000000000000000e+00
0.000000000000000000e+00 0.000000000000000000e+00
0.000000000000000000e+00 0.000000000000000000e+00
0.000000000000000000e+00 0.000000000000000000e+00
0.000000000000000000e+00 0.000000000000000000e+00
0.000000000000000000e+00 0.000000000000000000e+00
0.000000000000000000e+00 0.000000000000000000e+00
0.000000000000000000e+00 0.000000000000000000e+00
0.000000000000000000e+00 0.000000000000000000e+00
0.000000000000000000e+00 0.000000000000000000e+00
0.000000000000000000e+00 0.000000000000000000e+00
0.000000000000000000e+00 0.000000000000000000e+00
0.000000000000000000e+00 0.000000000000000000e+00
0.000000000000000000e+00 0.000000000000000000e+00
0.000000000000000000e+00 0.000000000000000000e+00
0.000000000000000000e+00 0.000000000000000000e+00
0.000000000000000000e+00 0.000000000000000000e+00
0.000000000000000000e+00 0.000000000000000000e+00
0.000000000000000000e+00 0.000000000000000000e+00
0.000000000000000000e+00 0.000000000000000000e+00
0.000000000000000000e+00 0.000000000000000000e+00
0.000000000000000000e+00 0.000000000000000000e+00
0.000000000000000000e+00 0.000000000000000000e+00
0.000000000000000000e+00 0.000000000000000000e+00
0.000000000000000000e+00 0.000000000000000000e+00
0.000000000000000000e+00 0.000000000000000000e+00
0.000000000000000000e+00 0.000000000000000000e+00
0.000000000000000000e+00 0.000000000000000000e+00
0.000000000000000000e+00 0.000000000000000000e+00
0.000000000000000000e+00 0.000000000000000000e+00
0.000000000000000000e+00 0.000000000000000000e+00
0.000000000000000000e+00 0.000000000000000000e+00
0.000000000000000000e+00 0.000000000000000000e+00
0.000000000000000000e+00 0.000000000000000000e+00
0.000000000000000000e+00 0.000000000000000000e+00
0.000000000000000000e+00 0.000000000000000000e+00
0.000000000000000000e+00 0.000000000000000000e+00
0.000000000000000000e+00 0.000000000000000000e+00
0.000000000000000000e+00 0.000000000000000000e+00
0.000000000000000000e+00 0.000000000000000000e+00
0.000000000000000000e+00 0.000000000000000000e+00
0.000000000000000000e+00 0.000000000000000000e+00
0.000000000000000000e+00 0.000000000000000000e+00
0.000000000000000000e+00 0.000000000000000000e+00
0.000000000000000000e+00 0.000000000000000000e+00
0.000000000000000000e+00 0.000000000000000000e+00
0.000000000000000000e+00 0.000000000000000000e+00
0.000000000000000000e+00 0.000000000000000000e+00
0.000000000000000000e+00 0.000000000000000000e+00
0.000000000000000000e+00 0.000000000000000000e+00
0.000000000000000000e+00 0.000000000000000000e+00
0.000000000000000000e+00 0.000000000000000000e+00
0.000000000000000000e+00 0.000000000000000000e+00
0.000000000000000000e+00 0.000000000000000000e+00
0.000000000000000000e+00 0.000000000000000000e+00
0.000000000000000000e+00 0.000000000000000000e+00
0.000000000000000000e+00 0.000000000000000000e+00
0.000000000000000000e+00 0.000000000000000000e+00
0.000000000000000000e+00 0.000000000000000000e+00
0.000000000000000000e+00 0.000000000000000000e+00
0.000000000000000000e+00 0.000000000000000000e+00
0.000000000000000000e+00 0.000000000000000000e+00
0.000000000000000000e+00 0.000000000000000000e+00
0.000000000000000000e+00 0.000000000000000000e+00
0.000000000000000000e+00 0.000000000000000000e+00
0.000000000000000000e+00 0.000000000000000000e+00
0.000000000000000000e+00 0.000000000000000000e+00
0.000000000000000000e+00 0.000000000000000000e+00
0.000000000000000000e+00 0.000000000000000000e+00
0.000000000000000000e+00 0.000000000000000000e+00
0.000000000000000000e+00 0.000000000000000000e+00
0.000000000000000000e+00 0.000000000000000000e+00
0.000000000000000000e+00 0.000000000000000000e+00
0.000000000000000000e+00 0.000000000000000000e+00
0.000000000000000000e+00 0.000000000000000000e+00
0.000000000000000000e+00 0.000000000000000000e+00
0.000000000000000000e+00 0.000000000000000000e+00
0.000000000000000000e+00 0.000000000000000000e+00
0.000000000000000000e+00 0.000000000000000000e+00
0.000000000000000000e+00 0.000000000000000000e+00
