0.000000000000000000e+00 0.000000000000000000e+00
0.000000000000000000e+00 0.000000000000000000e+00
0.000000000000000000e+00 0.000000000000000000e+00
0.000000000000000000e+00 0.000000000000000000e+00
0.000000000000000000e+00 0.000000000000000000e+00
0.000000000000000000e+00 0.000000000000000000e+00
0.000000000000000000e+00 0.000000000000000000e+00
0.000000000000000000e+00 0.000000000000000000e+00
0.000000000000000000e+00 0.000000000000000000e+00
0.000000000000000000e+00 0.000000000000000000e+00
0.000000000000000000e+00 0.000000000000000000e+00
0.000000000000000000e+00 0.000000000000000000e+00
0.000000000000000000e+00 0.000000000000000000e+00
0.000000000000000000e+00 0.000000000000000000e+00
0.000000000000000000e+00 0.000000000000000000e+00
0.000000000000000000e+00 0.000000000000000000e+00
0.000000000000000000e+00 0.000000000000000000e+00
0.000000000000000000e+00 0.000000000000000000e+00
0.000000000000000000e+00 0.000000000000000000e+00
0.000000000000000000e+00 0.000000000000000000e+00
0.000000000000000000e+00 0.000000000000000000e+00
0.000000000000000000e+00 0.000000000000000000e+00
0.000000000000000000e+00 0.000000000000000000e+00
0.000000000000000000e+00 0.000000000000000000e+00
0.000000000000000000e+00 0.000000000000000000e+00
0.000000000000000000e+00 0.000000000000000000e+00
0.000000000000000000e+00 0.000000000000000000e+00
0.000000000000000000e+00 0.000000000000000000e+00
0.000000000000000000e+00 0.000000000000000000e+00
0.000000000000000000e+00 0.000000000000000000e+00
0.000000000000000000e+00 0.000000000000000000e+00
0.000000000000000000e+00 0.000000000000000000e+00
0.000000000000000000e+00 0.000000000000000000e+00
0.000000000000000000e+00 0.000000000000000000e+00
0.000000000000000000e+00 0.000000000000000000e+00
0.000000000000000000e+00 0.000000000000000000e+00
0.000000000000000000e+00 0.000000000000000000e+00
0.000000000000000000e+00 0.000000000000000000e+00
0.000000000000000000e+00 0.000000000000000000e+00
0.000000000000000000e+00 0.000000000000000000e+00
0.000000000000000000e+00 0.000000000000000000e+00
0.000000000000000000e+00 0.000000000000000000e+00
0.000000000000000000e+00 0.000000000000000000e+00
0.000000000000000000e+00 0.000000000000000000e+00
0.000000000000000000e+00 0.000000000000000000e+00
0.000000000000000000e+00 0.000000000000000000e+00
0.000000000000000000e+00 0.000000000000000000e+00
0.000000000000000000e+00 0.000000000000000000e+00
0.000000000000000000e+00 0.000000000000000000e+00
0.000000000000000000e+00 0.000000000000000000e+00
0.000000000000000000e+00 0.000000000000000000e+00
0.000000000000000000e+00 0.000000000000000000e+00
0.000000000000000000e+00 0.000000000000000000e+00
0.000000000000000000e+00 0.000000000000000000e+00
0.000000000000000000e+00 0.000000000000000000e+00
0.000000000000000000e+00 0.000000000000000000e+00
0.000000000000000000e+00 0.000000000000000000e+00
0.000000000000000000e+00 0.000000000000000000e+00
0.000000000000000000e+00 0.000000000000000000e+00
0.000000000000000000e+00 0.000000000000000000e+00
0.000000000000000000e+00 0.000000000000000000e+00
0.000000000000000000e+00 0.000000000000000000e+00
0.000000000000000000e+00 0.000000000000000000e+00
0.000000000000000000e+00 0.000000000000000000e+00
0.000000000000000000e+00 0.000000000000000000e+00
0.000000000000000000e+00 0.000000000000000000e+00
0.000000000000000000e+00 0.000000000000000000e+00
0.000000000000000000e+00 0.000000000000000000e+00
0.000000000000000000e+00 0.000000000000000000e+00
0.000000000000000000e+00 0.000000000000000000e+00
0.000000000000000000e+00 0.000000000000000000e+00
0.000000000000000000e+00 0.000000000000000000e+00
0.000000000000000000e+00 0.000000000000000000e+00
0.000000000000000000e+00 0.000000000000000000e+00
0.000000000000000000e+00 0.000000000000000000e+00
0.000000000000000000e+00 0.000000000000000000e+00
0.000000000000000000e+00 0.000000000000000000e+00
0.000000000000000000e+00 0.000000000000000000e+00
0.000000000000000000e+00 0.000000000000000000e+00
0.000000000000000000e+00 0.000000000000000000e+00
0.000000000000000000e+00 0.000000000000000000e+00
0.000000000000000000e+00 0.000000000000000000e+00
0.000000000000000000e+00 0.000000000000000000e+00
0.000000000000000000e+00 0.000000000000000000e+00
0.000000000000000000e+00 0.000000000000000000e+00
0.000000000000000000e+00 0.000000000000000000e+00
0.000000000000000000e+00 0.000000000000000000e+00
0.000000000000000000e+00 0.000000000000000000e+00
0.000000000000000000e+00 0.000000000000000000e+00
0.000000000000000000e+00 0.000000000000000000e+00
-1.000000000000000021e-02 -1.420561472710442331e-04
0.000000000000000000e+00 0.000000000000000000e+00
0.000000000000000000e+00 -6.056114290608798556e-04
0.000000000000000000e+00 0.000000000000000000e+00
-1.000000000000000021e-02 -8.491862865730611092e-04
0.000000000000000000e+00 0.000000000000000000e+00
-1.000000000000000021e-02 -1.058292452352974696e-03
0.000000000000000000e+00 0.000000000000000000e+00
-1.000000000000000021e-02 2.361465264951914775e-04
0.000000000000000000e+00 0.000000000000000000e+00
-3.960099999999987241e-04 -6.737168018218466425e-04
0.000000000000000000e+00 0.000000000000000000e+00
-1.000000000000000021e-02 -2.821594999999999876e-04
0.000000000000000000e+00 0.000000000000000000e+00
-2.970100000000000171e-02 -3.956942264260698253e-04
0.000000000000000000e+00 0.000000000000000000e+00
0.000000000000000000e+00 -4.518252604980832737e-04
0.000000000000000000e+00 0.000000000000000000e+00
-1.942158437407990462e-02 -1.083070136141702118e-02
0.000000000000000000e+00 0.000000000000000000e+00
0.000000000000000000e+00 0.000000000000000000e+00
0.000000000000000000e+00 0.000000000000000000e+00
-1.009900000000000034e-02 -2.433849590960809558e-04
0.000000000000000000e+00 0.000000000000000000e+00
-1.009900000000000034e-02 -7.986092888822206998e-04
0.000000000000000000e+00 0.000000000000000000e+00
-1.019602990000000042e-02 -2.590526296925298481e-04
0.000000000000000000e+00 0.000000000000000000e+00
-1.000000000000000021e-02 -4.243365982959053373e-03
0.000000000000000000e+00 0.000000000000000000e+00
-1.000000000000000021e-02 -3.420279151635081363e-04
0.000000000000000000e+00 0.000000000000000000e+00
-9.901000000000000079e-03 -6.180915162779682679e-04
0.000000000000000000e+00 0.000000000000000000e+00
-1.000000000000000021e-02 -2.236976380630170940e-03
0.000000000000000000e+00 0.000000000000000000e+00
-9.901000000000000079e-03 -3.514650410728187811e-03
0.000000000000000000e+00 0.000000000000000000e+00
-1.990000000000000102e-02 1.971367089821523692e-05
0.000000000000000000e+00 0.000000000000000000e+00
-5.851985059900000063e-02 -5.255281656415651537e-02
0.000000000000000000e+00 0.000000000000000000e+00
0.000000000000000000e+00 0.000000000000000000e+00
0.000000000000000000e+00 0.000000000000000000e+00
-1.009900000000000034e-02 -4.595719418517663080e-03
0.000000000000000000e+00 0.000000000000000000e+00
-1.009706910499000125e-02 -2.299608673196935557e-03
0.000000000000000000e+00 0.000000000000000000e+00
-2.009406960099999889e-02 -3.093654768805542601e-03
0.000000000000000000e+00 0.000000000000000000e+00
-1.000000000000000021e-02 -2.244110600149817978e-03
0.000000000000000000e+00 0.000000000000000000e+00
-9.901000000000000079e-03 -4.241735645996651087e-03
0.000000000000000000e+00 0.000000000000000000e+00
-9.998029899999998429e-03 -6.961217399345863248e-04
0.000000000000000000e+00 0.000000000000000000e+00
-1.990000000000000102e-02 -2.973367134248623700e-03
0.000000000000000000e+00 0.000000000000000000e+00
-1.000000000000000021e-02 -9.391384187771977671e-03
0.000000000000000000e+00 0.000000000000000000e+00
-1.990000000000000102e-02 -1.520006748566370483e-02
0.000000000000000000e+00 0.000000000000000000e+00
-7.725530557207990756e-02 -7.229674650195493102e-02
0.000000000000000000e+00 0.000000000000000000e+00
0.000000000000000000e+00 0.000000000000000000e+00
0.000000000000000000e+00 0.000000000000000000e+00
-2.970100000000000171e-02 -4.349642412439048110e-03
0.000000000000000000e+00 0.000000000000000000e+00
-1.960399000000000169e-02 -7.044109602729600392e-03
0.000000000000000000e+00 0.000000000000000000e+00
-9.901000000000000079e-03 -4.295161610637810747e-03
0.000000000000000000e+00 0.000000000000000000e+00
-9.407950100000001328e-03 -6.801921082174416629e-04
0.000000000000000000e+00 0.000000000000000000e+00
-1.000197010000000025e-02 -3.217989097671178095e-03
0.000000000000000000e+00 0.000000000000000000e+00
-9.999999999999939493e-05 3.765384047640094219e-03
0.000000000000000000e+00 0.000000000000000000e+00
-2.920995010000000322e-02 -4.839101792739644060e-03
0.000000000000000000e+00 0.000000000000000000e+00
-9.701000000000001289e-03 -9.203016925913735935e-03
0.000000000000000000e+00 0.000000000000000000e+00
-1.990000000000000102e-02 -1.084856710290734577e-02
0.000000000000000000e+00 0.000000000000000000e+00
-1.312541872310216962e-01 -1.254025229704281430e-01
0.000000000000000000e+00 0.000000000000000000e+00
0.000000000000000000e+00 0.000000000000000000e+00
0.000000000000000000e+00 0.000000000000000000e+00
-2.970100000000000171e-02 -2.007298919539505025e-02
0.000000000000000000e+00 0.000000000000000000e+00
-1.000197010000000025e-02 1.975081095595901913e-03
0.000000000000000000e+00 0.000000000000000000e+00
3.826028645761950231e-02 -8.918911362330837495e-04
0.000000000000000000e+00 0.000000000000000000e+00
-9.320731893010003252e-03 -1.456646658852753630e-03
0.000000000000000000e+00 0.000000000000000000e+00
-2.950304910499000621e-02 -2.273792382571122525e-03
0.000000000000000000e+00 0.000000000000000000e+00
9.316751893010002603e-03 3.626703574116613409e-03
0.000000000000000000e+00 0.000000000000000000e+00
-1.039204989999999856e-02 -7.828446775102597963e-04
0.000000000000000000e+00 0.000000000000000000e+00
-2.970100000000000171e-02 -4.791010778480565661e-03
0.000000000000000000e+00 0.000000000000000000e+00
-2.970100000000000171e-02 -4.567072165846672478e-03
0.000000000000000000e+00 0.000000000000000000e+00
-1.110891348752914565e-01 -1.079532941043665900e-01
0.000000000000000000e+00 0.000000000000000000e+00
0.000000000000000000e+00 0.000000000000000000e+00
0.000000000000000000e+00 0.000000000000000000e+00
-1.980198999999999848e-02 -6.167738644450071299e-03
0.000000000000000000e+00 0.000000000000000000e+00
-2.233532732846507662e-02 2.737367022965089998e-03
0.000000000000000000e+00 0.000000000000000000e+00
-1.940399000000000290e-02 3.421214054010981130e-03
0.000000000000000000e+00 0.000000000000000000e+00
3.960099999999987241e-04 1.206933669767715558e-03
0.000000000000000000e+00 0.000000000000000000e+00
-1.067926810698999716e-02 7.916004269590817474e-03
0.000000000000000000e+00 0.000000000000000000e+00
-1.009312890499000290e-02 4.356998788809912301e-03
0.000000000000000000e+00 0.000000000000000000e+00
-3.940398999999999985e-02 2.125423697033301720e-03
0.000000000000000000e+00 0.000000000000000000e+00
-6.793465209301000063e-02 6.783786321559076224e-03
0.000000000000000000e+00 0.000000000000000000e+00
-2.920995010000000322e-02 -1.367112030489525329e-02
0.000000000000000000e+00 0.000000000000000000e+00
-1.306354638199500318e-01 -8.311748507748815962e-02
0.000000000000000000e+00 0.000000000000000000e+00
0.000000000000000000e+00 0.000000000000000000e+00
0.000000000000000000e+00 0.000000000000000000e+00
-1.920801861394010740e-02 -1.645768991319843458e-02
0.000000000000000000e+00 0.000000000000000000e+00
-3.950004960100000212e-02 2.868059341150066416e-02
0.000000000000000000e+00 0.000000000000000000e+00
-1.000000000000000021e-02 1.277816179309431040e-02
0.000000000000000000e+00 0.000000000000000000e+00
-1.007203809343464387e-02 3.266365422875804753e-02
0.000000000000000000e+00 0.000000000000000000e+00
-1.999801000000000009e-02 2.363780656742625261e-02
0.000000000000000000e+00 0.000000000000000000e+00
-9.999999999999939493e-05 1.866003331042622934e-02
0.000000000000000000e+00 0.000000000000000000e+00
-5.851985059900000063e-02 1.098998291312310374e-02
0.000000000000000000e+00 0.000000000000000000e+00
-2.970100000000000171e-02 1.033517125166327419e-02
0.000000000000000000e+00 0.000000000000000000e+00
-6.793465209301000063e-02 1.763599465461183902e-02
0.000000000000000000e+00 0.000000000000000000e+00
-9.001530836247945144e-02 1.739440642365124370e-02
0.000000000000000000e+00 0.000000000000000000e+00
0.000000000000000000e+00 0.000000000000000000e+00
0.000000000000000000e+00 0.000000000000000000e+00
-3.911387059900000435e-02 -1.093291794455790097e-02
0.000000000000000000e+00 0.000000000000000000e+00
-2.018821761594009889e-02 2.855427554691235270e-02
0.000000000000000000e+00 0.000000000000000000e+00
-5.725530557207990368e-02 1.117564879101327902e-02
0.000000000000000000e+00 0.000000000000000000e+00
-3.969392087680657238e-02 1.466565717173964542e-02
0.000000000000000000e+00 0.000000000000000000e+00
-9.992275639780704224e-03 8.546065374461465566e-03
0.000000000000000000e+00 0.000000000000000000e+00
-9.209950100000002804e-03 2.408482316075293353e-02
0.000000000000000000e+00 0.000000000000000000e+00
-1.999801000000000009e-02 2.259539123257644014e-02
0.000000000000000000e+00 0.000000000000000000e+00
-1.950004960100000170e-02 1.485807597127985005e-02
0.000000000000000000e+00 0.000000000000000000e+00
-3.871985059900000248e-02 1.108881920819572951e-02
0.000000000000000000e+00 0.000000000000000000e+00
-1.637579996635689927e-01 1.535185213738767679e-03
0.000000000000000000e+00 0.000000000000000000e+00
0.000000000000000000e+00 0.000000000000000000e+00
0.000000000000000000e+00 0.000000000000000000e+00
-2.079302923363879341e-01 -2.101735591589470875e-01
-1.000000000000000021e-02 -1.856144922217872707e-04
-8.472132423375304533e-02 -9.620589478849037035e-02
-1.000000000000000021e-02 3.089721527940507417e-03
-1.454862385499124111e-01 -1.332294742778261654e-01
-1.000000000000000021e-02 -3.778614679433485321e-05
-1.235735901457083591e-01 -1.289035553016892321e-01
-1.000000000000000021e-02 -6.336539398510064548e-04
-7.197271786713249631e-02 -6.731966245698998985e-02
-1.000000000000000021e-02 2.905544917178673209e-05
-9.858469079329541807e-02 -9.052303876817499595e-02
9.701000000000001289e-03 0.000000000000000000e+00
-1.312408443571873862e-01 -1.461651033413076117e-01
-1.000000000000000021e-02 2.694169561393019801e-04
-1.620582907282370200e-01 -1.612434723806360770e-01
-9.999999999999939493e-05 0.000000000000000000e+00
-1.524836763297210407e-01 -1.496581013343020461e-01
1.960399000000000169e-02 -1.788418906685712898e-04
-3.289285351243025346e-01 -3.037603679594239048e-01
-1.000000000000000021e-02 -8.569604787862250030e-04
0.000000000000000000e+00 0.000000000000000000e+00
0.000000000000000000e+00 0.000000000000000000e+00
-1.966928709187209523e-01 -1.831379086150295987e-01
-1.000000000000000021e-02 -8.018730674613652005e-04
-1.093803043127439811e-01 -1.475486945953614626e-01
-1.000000000000000021e-02 9.532086480520190423e-04
-9.826970406226864796e-02 -8.752999097160385489e-02
-9.901000000000000079e-03 -2.596567670778507537e-03
-4.803435308381283353e-02 -8.766982837678054252e-02
-1.039204989999999856e-02 -6.342264556363235882e-04
-5.022368379171649605e-02 -6.379470110210147538e-02
-9.901000000000000079e-03 9.688376752426305894e-05
2.027847575544959591e-02 -4.584587651282495679e-02
-9.901000000000000079e-03 2.850190536607742457e-03
-1.909475964574515461e-01 -1.883320384389967628e-01
-1.000000000000000021e-02 8.143013597082834724e-04
-1.581575504097491036e-01 -1.634535779907755337e-01
-1.087332790698999907e-02 5.325778142393928875e-03
-1.876447147881438182e-01 -1.907524092892336487e-01
-1.000000000000000021e-02 -4.194589071136779930e-03
-4.212768489576930731e-01 -4.321418435799584401e-01
-4.797891559512375975e-02 -2.271810405596641491e-02
0.000000000000000000e+00 0.000000000000000000e+00
0.000000000000000000e+00 0.000000000000000000e+00
-2.068937954377166599e-01 -2.037458854741150960e-01
-1.000000000000000021e-02 -3.985416303615723146e-03
-8.761605493492481689e-02 -1.023575228080016442e-01
-1.000197010000000025e-02 -5.736203406685578708e-04
-3.370043069944426983e-02 -4.735588793729263862e-02
-1.990000000000000102e-02 7.980453385800894686e-04
-1.176165002562528927e-01 -1.349924263174116790e-01
-1.000000000000000021e-02 1.214813164314792159e-03
-5.924535198532437930e-02 -6.493539655750493744e-02
3.833565984152269290e-02 0.000000000000000000e+00
4.794235053492439808e-02 -2.851450041964376930e-02
-9.999999999999939493e-05 1.694685929952917652e-03
-1.405619145159432704e-01 -1.358880043145037075e-01
-1.039204989999999856e-02 -8.857519775263992872e-04
-1.617499178646061020e-01 -1.424037111690946433e-01
-1.990000000000000102e-02 2.698668609225544999e-03
-1.367672892055883105e-01 -1.220474227296754616e-01
-1.000000000000000021e-02 -1.628854688691509529e-04
-4.169030427277611306e-01 -4.218882900976197448e-01
-2.920995010000000322e-02 -2.155775473959464089e-02
0.000000000000000000e+00 0.000000000000000000e+00
0.000000000000000000e+00 0.000000000000000000e+00
-1.948977558346574324e-01 -1.886420438595240723e-01
-9.901000000000000079e-03 -7.247891368090514895e-04
-1.376088598759577786e-01 -1.434054373524762949e-01
-1.009900000000000034e-02 2.158539863368566861e-03
-9.817624639764865879e-02 -1.118784516676744889e-01
-1.048324810698999729e-02 -5.176002885341629296e-04
-1.043182679507304450e-01 -9.893276220593261172e-02
-1.000000000000000021e-02 -3.159105154024353761e-03
-3.040438384461503774e-02 -8.893265176729861499e-02
-1.980100000000001997e-04 2.444944695680037776e-04
-4.335894406835202886e-02 -7.204961005922168316e-02
2.901987862780069927e-02 -2.524238431069124019e-04
-1.704030876223331104e-01 -1.730051781464335969e-01
-1.000000000000000021e-02 -1.016323109735908260e-03
-1.636673751642092889e-01 -1.812793224728630748e-01
-1.000000000000000021e-02 -7.221643428427720196e-03
-2.016561196239601561e-01 -1.943958579175692758e-01
-1.009900000000000034e-02 2.830609472239486221e-03
-4.666589888088815141e-01 -4.553250499658091366e-01
-3.912912394679111255e-02 -3.324783960974592861e-02
0.000000000000000000e+00 0.000000000000000000e+00
0.000000000000000000e+00 0.000000000000000000e+00
-2.298889356804602047e-01 -2.134622867039035199e-01
-1.000000000000000021e-02 -1.166955433406121657e-03
-8.027088618457862979e-02 -1.004560518090302085e-01
-1.990000000000000102e-02 -1.117766809290522039e-03
-1.750368713267689419e-02 -1.187817068516647950e-01
-1.009900000000000034e-02 -1.616875671382337135e-03
-4.543505586059011503e-02 -9.286907152870382820e-02
-1.358614627920097170e-03 -4.017784583596758314e-05
-1.657354707552265993e-01 -1.681827726762877284e-01
-1.009900000000000034e-02 -2.156823756668902435e-03
1.425979460217089920e-02 -7.169365380465911319e-02
-1.000000000000000021e-02 3.751369474373413438e-03
-1.447120067454705783e-01 -1.441783361747436820e-01
-1.990000000000000102e-02 -2.457258245385305750e-03
-1.858722345850616908e-01 -1.834978403400427394e-01
-1.000000000000000021e-02 -1.705387000715304817e-03
-2.545920108013194905e-01 -2.584290733121705763e-01
-2.970100000000000171e-02 -6.007481352763534808e-03
-5.307880144127729016e-01 -5.049567938467518502e-01
-5.851985059900000063e-02 -1.291607909775483766e-02
0.000000000000000000e+00 0.000000000000000000e+00
0.000000000000000000e+00 0.000000000000000000e+00
-2.575579214103815850e-01 -2.656777432631614033e-01
-2.970100000000000171e-02 -9.077514794087479869e-03
-1.306098637147519170e-01 -1.431620864678996574e-01
3.804932557207990618e-02 -4.306615313962407470e-04
-8.689717771420919779e-02 -1.172281677267319466e-01
-1.000000000000000021e-02 -5.845174140625121646e-03
-8.474677994777526924e-02 -7.707355282923804285e-02
-1.000000000000000021e-02 3.682800699899885840e-03
1.356340167695236146e-02 -5.484666201723078366e-02
-1.990000000000000102e-02 2.077068564240069654e-03
8.281224338243091398e-02 -9.066000539955110238e-02
0.000000000000000000e+00 2.234464962348404766e-03
-7.686361808171145171e-02 -7.719676787035469057e-02
-9.701000000000001289e-03 -2.275377058432474439e-04
-2.054159099400846844e-01 -1.987246696914949651e-01
-3.871885059900000148e-02 -4.973117565420128242e-03
-2.214877815270832329e-01 -2.155488242673098687e-01
-3.900995010000000290e-02 -2.324658913490504006e-03
-3.677853711201568010e-01 -4.096445945020034118e-01
-6.620685185272515150e-02 -6.047556339092243632e-02
0.000000000000000000e+00 0.000000000000000000e+00
0.000000000000000000e+00 0.000000000000000000e+00
-2.069240485150350695e-01 -2.072143767113798773e-01
-1.009900000000000034e-02 -6.406911874729342288e-03
1.204018932949218884e-01 -4.830005143154016134e-02
-1.000000000000000021e-02 2.814187779872851305e-03
-3.656550444739527228e-02 -8.387321133083851243e-02
9.899999999999939773e-05 3.726240612158728243e-03
7.515384810484555811e-02 -9.406273546421857479e-02
-1.000000000000000021e-02 9.197485333874007253e-04
3.545442757723469424e-02 -5.833440753926950884e-02
2.901686059900000086e-02 1.445840905196415973e-03
1.237584434379667003e-01 -5.638939133504459328e-02
7.331703114270178567e-02 0.000000000000000000e+00
1.564853931010914134e-01 -4.488455692759484722e-02
5.674618506250090483e-02 -9.406706176250000031e-05
7.226203539669021070e-02 -8.610802449219551180e-02
9.516634859219301121e-03 -3.641299278300019933e-04
-9.915339621086144417e-02 -1.199388614424518884e-01
-1.009900000000000034e-02 -2.609310077274106920e-03
-1.611027684571046670e-01 -3.048107205548106213e-01
-2.960750901343175284e-02 -2.807897114503376743e-02
0.000000000000000000e+00 0.000000000000000000e+00
0.000000000000000000e+00 0.000000000000000000e+00
2.510149066635813941e-02 -4.741149389222631266e-02
4.571840529249056317e-02 0.000000000000000000e+00
1.237048874220581796e-01 -7.503124757215638707e-02
4.769155539191870241e-02 1.890500000000000145e-04
1.738947106906287288e-01 -1.399416453587114806e-01
-1.000000000000000021e-02 1.856578854094286402e-03
1.983506933108368786e-01 -7.643780178644996037e-02
5.784932557207990433e-02 1.112901166575842871e-03
1.355065705643975493e-01 -6.201391364635917836e-02
1.833845555821930415e-02 -2.378366955768904155e-04
1.787786128322530754e-01 -4.166760898368807725e-02
-9.999999999999939493e-05 3.106550080453636831e-03
2.091775987251729418e-01 -3.913474655680574538e-02
-2.493326933552858851e-03 -3.911704091435590225e-04
2.487464392805863456e-01 -1.464970229325077700e-01
3.806758009261073522e-02 -8.098900387898736158e-07
5.687250886802668742e-02 -1.024099934884794838e-01
2.910995010000000036e-02 -2.821594999999999876e-04
-7.681193379864090232e-02 -2.909331572904893526e-01
3.605343139054888180e-02 -7.997987063691789494e-03
0.000000000000000000e+00 0.000000000000000000e+00
0.000000000000000000e+00 0.000000000000000000e+00
8.387959375666473316e-02 -1.455110351560618409e-01
3.824815002434910766e-02 -2.576365591819853272e-04
4.363133297969810087e-01 -1.393274347237559163e-01
7.471804342819560185e-02 1.755882686804273451e-03
4.085594495007665028e-01 -1.483693484883833458e-01
4.815875684891630926e-02 4.490820476418595081e-03
3.544761240122334400e-01 -1.206088080361380904e-01
1.126128802728818962e-01 1.728676474558411185e-03
3.880929103501245536e-01 -2.048221347952495774e-01
1.104470228246046404e-01 -1.681487710281120876e-04
4.286125539839735765e-01 -1.707250420518252598e-01
1.294519933980634585e-01 0.000000000000000000e+00
4.757741043129515846e-01 -1.172354329726239541e-01
4.882070308006990211e-02 3.702778811224895737e-03
5.076389463245200018e-01 -1.699679028426102356e-01
9.476174574128355677e-02 4.429182068785281548e-03
4.979308441895421433e-01 -1.654862385499124011e-01
8.592167657868943209e-02 0.000000000000000000e+00
3.825104646031050604e-01 -4.710755764847788796e-01
1.683267222787427631e-01 -2.551802391410486204e-03
0.000000000000000000e+00 0.000000000000000000e+00
0.000000000000000000e+00 0.000000000000000000e+00
2.155177281414404067e-01 -2.970100000000000171e-02
2.751699409704811417e-01 1.465280702545298640e-03
2.938837919504262430e-01 -5.851985059900000063e-02
5.109467568370573698e-01 2.606698301072798919e-04
1.654862385499124011e-01 -8.648275251635910432e-02
3.818442267903284781e-01 -1.079934703504265969e-05
1.869099100522707002e-01 -6.793465209301000063e-02
4.474246411437415860e-01 3.856737246955310207e-03
1.455605673472519512e-01 -8.648275251635910432e-02
4.377615830287249210e-01 2.069632313709154209e-03
1.974493702805787676e-01 -5.851985059900000063e-02
5.687483070416321507e-01 3.084723485041180550e-03
2.735047915005879293e-01 -4.900995009999999791e-02
4.972423808806747947e-01 1.088346378886136242e-03
2.442273221219907198e-01 -4.900995009999999791e-02
4.114600385750765144e-01 -1.705108160647242138e-03
2.522023479295069648e-01 -5.851985059900000063e-02
4.535649621043343904e-01 2.133452266380145464e-04
6.406891597022011942e-01 -1.902721317787414435e-01
1.071815984850756243e+00 7.574087894218537939e-03
0.000000000000000000e+00 0.000000000000000000e+00
0.000000000000000000e+00 0.000000000000000000e+00
0.000000000000000000e+00 0.000000000000000000e+00
0.000000000000000000e+00 0.000000000000000000e+00
0.000000000000000000e+00 0.000000000000000000e+00
0.000000000000000000e+00 0.000000000000000000e+00
0.000000000000000000e+00 0.000000000000000000e+00
0.000000000000000000e+00 0.000000000000000000e+00
0.000000000000000000e+00 0.000000000000000000e+00
0.000000000000000000e+00 0.000000000000000000e+00
0.000000000000000000e+00 0.000000000000000000e+00
0.000000000000000000e+00 0.000000000000000000e+00
0.000000000000000000e+00 0.000000000000000000e+00
0.000000000000000000e+00 0.000000000000000000e+00
0.000000000000000000e+00 0.000000000000000000e+00
0.000000000000000000e+00 0.000000000000000000e+00
0.000000000000000000e+00 0.000000000000000000e+00
0.000000000000000000e+00 0.000000000000000000e+00
0.000000000000000000e+00 0.000000000000000000e+00
0.000000000000000000e+00 0.000000000000000000e+00
0.000000000000000000e+00 0.000000000000000000e+00
0.000000000000000000e+00 0.000000000000000000e+00
0.000000000000000000e+00 0.000000000000000000e+00
0.000000000000000000e+00 0.000000000000000000e+00
0.000000000000000000e+00 0.000000000000000000e+00
0.000000000000000000e+00 0.000000000000000000e+00
0.000000000000000000e+00 0.000000000000000000e+00
0.000000000000000000e+00 0.000000000000000000e+00
0.000000000000000000e+00 0.000000000000000000e+00
0.000000000000000000e+00 0.000000000000000000e+00
0.000000000000000000e+00 0.000000000000000000e+00
0.000000000000000000e+00 0.000000000000000000e+00
0.000000000000000000e+00 0.000000000000000000e+00
0.000000000000000000e+00 0.000000000000000000e+00
0.000000000000000000e+00 0.000000000000000000e+00
0.000000000000000000e+00 0.000000000000000000e+00
0.000000000000000000e+00 0.000000000000000000e+00
0.000000000000000000e+00 0.000000000000000000e+00
0.000000000000000000e+00 0.000000000000000000e+00
0.000000000000000000e+00 0.000000000000000000e+00
0.000000000000000000e+00 0.000000000000000000e+00
0.000000000000000000e+00 0.000000000000000000e+00
0.000000000000000000e+00 0.000000000000000000e+00
0.000000000000000000e+00 0.000000000000000000e+00
0.000000000000000000e+00 0.000000000000000000e+00
0.000000000000000000e+00 0.000000000000000000e+00
0.000000000000000000e+00 0.000000000000000000e+00
0.000000000000000000e+00 0.000000000000000000e+00
0.000000000000000000e+00 0.000000000000000000e+00
0.000000000000000000e+00 0.000000000000000000e+00
0.000000000000000000e+00 0.000000000000000000e+00
0.000000000000000000e+00 0.000000000000000000e+00
0.000000000000000000e+00 0.000000000000000000e+00
0.000000000000000000e+00 0.000000000000000000e+00
0.000000000000000000e+00 0.000000000000000000e+00
0.000000000000000000e+00 0.000000000000000000e+00
0.000000000000000000e+00 0.000000000000000000e+00
0.000000000000000000e+00 0.000000000000000000e+00
0.000000000000000000e+00 0.000000000000000000e+00
0.000000000000000000e+00 0.000000000000000000e+00
0.000000000000000000e+00 0.000000000000000000e+00
0.000000000000000000e+00 0.000000000000000000e+00
0.000000000000000000e+00 0.000000000000000000e+00
0.000000000000000000e+00 0.000000000000000000e+00
0.000000000000000000e+00 0.000000000000000000e+00
0.000000000000000000e+00 0.000000000000000000e+00
0.000000000000000000e+00 0.000000000000000000e+00
0.000000000000000000e+00 0.000000000000000000e+00
0.000000000000000000e+00 0.000000000000000000e+00
0.000000000000000000e+00 0.000000000000000000e+00
0.000000000000000000e+00 0.000000000000000000e+00
0.000000000000000000e+00 0.000000000000000000e+00
0.000000000000000000e+00 0.000000000000000000e+00
0.000000000000000000e+00 0.000000000000000000e+00
0.000000000000000000e+00 0.000000000000000000e+00
0.000000000000000000e+00 0.000000000000000000e+00
0.000000000000000000e+00 0.000000000000000000e+00
0.000000000000000000e+00 0.000000000000000000e+00
0.000000000000000000e+00 0.000000000000000000e+00
0.000000000000000000e+00 0.000000000000000000e+00
0.000000000000000000e+00 0.000000000000000000e+00
0.000000000000000000e+00 0.000000000000000000e+00
0.000000000000000000e+00 0.000000000000000000e+00
0.000000000000000000e+00 0.000000000000000000e+00
0.000000000000000000e+00 0.000000000000000000e+00
0.000000000000000000e+00 0.000000000000000000e+00
0.000000000000000000e+00 0.000000000000000000e+00
0.000000000000000000e+00 0.000000000000000000e+00
0.000000000000000000e+00 0.000000000000000000e+00
0.000000000000000000e+00 0.000000000000000000e+00
0.000000000000000000e+00 0.000000000000000000e+00
0.000000000000000000e+00 0.000000000000000000e+00
0.000000000000000000e+00 0.000000000000000000e+00
0.000000000000000000e+00 0.000000000000000000e+00
0.000000000000000000e+00 0.000000000000000000e+00
0.000000000000000000e+00 0.000000000000000000e+00
0.000000000000000000e+00 0.000000000000000000e+00
0.000000000000000000e+00 0.000000000000000000e+00
0.000000000000000000e+00 0.000000000000000000e+00
0.000000000000000000e+00 0.000000000000000000e+00
0.000000000000000000e+00 0.000000000000000000e+00
0.000000000000000000e+00 0.000000000000000000e+00
0.000000000000000000e+00 0.000000000000000000e+00
0.000000000000000000e+00 0.000000000000000000e+00
0.000000000000000000e+00 0.000000000000000000e+00
0.000000000000000000e+00 0.000000000000000000e+00
0.000000000000000000e+00 0.000000000000000000e+00
0.000000000000000000e+00 0.000000000000000000e+00
0.000000000000000000e+00 0.000000000000000000e+00
0.000000000000000000e+00 0.000000000000000000e+00
0.000000000000000000e+00 0.000000000000000000e+00
0.000000000000000000e+00 0.000000000000000000e+00
0.000000000000000000e+00 0.000000000000000000e+00
0.000000000000000000e+00 0.000000000000000000e+00
0.000000000000000000e+00 0.000000000000000000e+00
0.000000000000000000e+00 0.000000000000000000e+00
0.000000000000000000e+00 0.000000000000000000e+00
0.000000000000000000e+00 0.000000000000000000e+00
0.000000000000000000e+00 0.000000000000000000e+00
0.000000000000000000e+00 0.000000000000000000e+00
0.000000000000000000e+00 0.000000000000000000e+00
0.000000000000000000e+00 0.000000000000000000e+00
0.000000000000000000e+00 0.000000000000000000e+00
0.000000000000000000e+00 0.000000000000000000e+00
0.000000000000000000e+00 0.000000000000000000e+00
0.000000000000000000e+00 0.000000000000000000e+00
0.000000000000000000e+00 0.000000000000000000e+00
0.000000000000000000e+00 0.000000000000000000e+00
0.000000000000000000e+00 0.000000000000000000e+00
0.000000000000000000e+00 0.000000000000000000e+00
0.000000000000000000e+00 0.000000000000000000e+00
0.000000000000000000e+00 0.000000000000000000e+00
0.000000000000000000e+00 0.000000000000000000e+00
0.000000000000000000e+00 0.000000000000000000e+00
0.000000000000000000e+00 0.000000000000000000e+00
0.000000000000000000e+00 0.000000000000000000e+00
0.000000000000000000e+00 0.000000000000000000e+00
0.000000000000000000e+00 0.000000000000000000e+00
0.000000000000000000e+00 0.000000000000000000e+00
0.000000000000000000e+00 0.000000000000000000e+00
0.000000000000000000e+00 0.000000000000000000e+00
0.000000000000000000e+00 0.000000000000000000e+00
0.000000000000000000e+00 0.000000000000000000e+00
0.000000000000000000e+00 0.000000000000000000e+00
0.000000000000000000e+00 0.000000000000000000e+00
0.000000000000000000e+00 0.000000000000000000e+00
0.000000000000000000e+00 0.000000000000000000e+00
0.000000000000000000e+00 0.000000000000000000e+00
0.000000000000000000e+00 0.000000000000000000e+00
0.000000000000000000e+00 0.000000000000000000e+00
0.000000000000000000e+00 0.000000000000000000e+00
0.000000000000000000e+00 0.000000000000000000e+00
0.000000000000000000e+00 0.000000000000000000e+00
0.000000000000000000e+00 0.000000000000000000e+00
0.000000000000000000e+00 0.000000000000000000e+00
0.000000000000000000e+00 0.000000000000000000e+00
0.000000000000000000e+00 0.000000000000000000e+00
0.000000000000000000e+00 0.000000000000000000e+00
0.000000000000000000e+00 0.000000000000000000e+00
0.000000000000000000e+00 0.000000000000000000e+00
0.000000000000000000e+00 0.000000000000000000e+00
0.000000000000000000e+00 0.000000000000000000e+00
0.000000000000000000e+00 0.000000000000000000e+00
0.000000000000000000e+00 0.000000000000000000e+00
0.000000000000000000e+00 0.000000000000000000e+00
0.000000000000000000e+00 0.000000000000000000e+00
0.000000000000000000e+00 0.000000000000000000e+00
0.000000000000000000e+00 0.000000000000000000e+00
0.000000000000000000e+00 0.000000000000000000e+00
0.000000000000000000e+00 0.000000000000000000e+00
0.000000000000000000e+00 0.000000000000000000e+00
0.000000000000000000e+00 0.000000000000000000e+00
0.000000000000000000e+00 0.000000000000000000e+00
0.000000000000000000e+00 0.000000000000000000e+00
0.000000000000000000e+00 0.000000000000000000e+00
0.000000000000000000e+00 0.000000000000000000e+00
0.000000000000000000e+00 0.000000000000000000e+00
0.000000000000000000e+00 0.000000000000000000e+00
0.000000000000000000e+00 0.000000000000000000e+00
0.000000000000000000e+00 0.000000000000000000e+00
0.000000000000000000e+00 0.000000000000000000e+00
0.000000000000000000e+00 0.000000000000000000e+00
0.000000000000000000e+00 0.000000000000000000e+00
0.000000000000000000e+00 0.000000000000000000e+00
0.000000000000000000e+00 0.000000000000000000e+00
0.000000000000000000e+00 0.000000000000000000e+00
0.000000000000000000e+00 0.000000000000000000e+00
0.000000000000000000e+00 0.000000000000000000e+00
0.000000000000000000e+00 0.000000000000000000e+00
0.000000000000000000e+00 0.000000000000000000e+00
0.000000000000000000e+00 0.000000000000000000e+00
0.000000000000000000e+00 0.000000000000000000e+00
0.000000000000000000e+00 0.000000000000000000e+00
0.000000000000000000e+00 0.000000000000000000e+00
0.000000000000000000e+00 0.000000000000000000e+00
0.000000000000000000e+00 0.000000000000000000e+00
0.000000000000000000e+00 0.000000000000000000e+00
0.000000000000000000e+00 0.000000000000000000e+00
0.000000000000000000e+00 0.000000000000000000e+00
0.000000000000000000e+00 0.000000000000000000e+00
0.000000000000000000e+00 0.000000000000000000e+00
0.000000000000000000e+00 0.000000000000000000e+00
0.000000000000000000e+00 0.000000000000000000e+00
0.000000000000000000e+00 0.000000000000000000e+00
0.000000000000000000e+00 0.000000000000000000e+00
0.000000000000000000e+00 0.000000000000000000e+00
0.000000000000000000e+00 0.000000000000000000e+00
0.000000000000000000e+00 0.000000000000000000e+00
0.000000000000000000e+00 0.000000000000000000e+00
0.000000000000000000e+00 0.000000000000000000e+00
0.000000000000000000e+00 0.000000000000000000e+00
0.000000000000000000e+00 0.000000000000000000e+00
0.000000000000000000e+00 0.000000000000000000e+00
0.000000000000000000e+00 0.000000000000000000e+00
0.000000000000000000e+00 0.000000000000000000e+00
0.000000000000000000e+00 0.000000000000000000e+00
0.000000000000000000e+00 0.000000000000000000e+00
0.000000000000000000e+00 0.000000000000000000e+00
0.000000000000000000e+00 0.000000000000000000e+00
0.000000000000000000e+00 0.000000000000000000e+00
0.000000000000000000e+00 0.000000000000000000e+00
0.000000000000000000e+00 0.000000000000000000e+00
0.000000000000000000e+00 0.000000000000000000e+00
0.000000000000000000e+00 0.000000000000000000e+00
