0.000000000000000000e+00 0.000000000000000000e+00
0.000000000000000000e+00 0.000000000000000000e+00
0.000000000000000000e+00 0.000000000000000000e+00
0.000000000000000000e+00 0.000000000000000000e+00
0.000000000000000000e+00 0.000000000000000000e+00
0.000000000000000000e+00 0.000000000000000000e+00
0.000000000000000000e+00 0.000000000000000000e+00
0.000000000000000000e+00 0.000000000000000000e+00
0.000000000000000000e+00 0.000000000000000000e+00
0.000000000000000000e+00 0.000000000000000000e+00
0.000000000000000000e+00 0.000000000000000000e+00
0.000000000000000000e+00 0.000000000000000000e+00
0.000000000000000000e+00 0.000000000000000000e+00
0.000000000000000000e+00 0.000000000000000000e+00
0.000000000000000000e+00 0.000000000000000000e+00
0.000000000000000000e+00 0.000000000000000000e+00
0.000000000000000000e+00 0.000000000000000000e+00
0.000000000000000000e+00 0.000000000000000000e+00
0.000000000000000000e+00 0.000000000000000000e+00
0.000000000000000000e+00 0.000000000000000000e+00
0.000000000000000000e+00 0.000000000000000000e+00
0.000000000000000000e+00 0.000000000000000000e+00
0.000000000000000000e+00 0.000000000000000000e+00
0.000000000000000000e+00 0.000000000000000000e+00
0.000000000000000000e+00 0.000000000000000000e+00
0.000000000000000000e+00 0.000000000000000000e+00
0.000000000000000000e+00 0.000000000000000000e+00
0.000000000000000000e+00 0.000000000000000000e+00
0.000000000000000000e+00 0.000000000000000000e+00
0.000000000000000000e+00 0.000000000000000000e+00
0.000000000000000000e+00 0.000000000000000000e+00
0.000000000000000000e+00 0.000000000000000000e+00
0.000000000000000000e+00 0.000000000000000000e+00
0.000000000000000000e+00 0.000000000000000000e+00
0.000000000000000000e+00 0.000000000000000000e+00
0.000000000000000000e+00 0.000000000000000000e+00
0.000000000000000000e+00 0.000000000000000000e+00
0.000000000000000000e+00 0.000000000000000000e+00
0.000000000000000000e+00 0.000000000000000000e+00
0.000000000000000000e+00 0.000000000000000000e+00
0.000000000000000000e+00 0.000000000000000000e+00
0.000000000000000000e+00 0.000000000000000000e+00
0.000000000000000000e+00 0.000000000000000000e+00
0.000000000000000000e+00 0.000000000000000000e+00
0.000000000000000000e+00 0.000000000000000000e+00
0.000000000000000000e+00 0.000000000000000000e+00
0.000000000000000000e+00 0.000000000000000000e+00
0.000000000000000000e+00 0.000000000000000000e+00
0.000000000000000000e+00 0.000000000000000000e+00
0.000000000000000000e+00 0.000000000000000000e+00
0.000000000000000000e+00 0.000000000000000000e+00
0.000000000000000000e+00 0.000000000000000000e+00
0.000000000000000000e+00 0.000000000000000000e+00
0.000000000000000000e+00 0.000000000000000000e+00
0.000000000000000000e+00 0.000000000000000000e+00
0.000000000000000000e+00 0.000000000000000000e+00
0.000000000000000000e+00 0.000000000000000000e+00
0.000000000000000000e+00 0.000000000000000000e+00
0.000000000000000000e+00 0.000000000000000000e+00
0.000000000000000000e+00 0.000000000000000000e+00
0.000000000000000000e+00 0.000000000000000000e+00
0.000000000000000000e+00 0.000000000000000000e+00
0.000000000000000000e+00 0.000000000000000000e+00
0.000000000000000000e+00 0.000000000000000000e+00
0.000000000000000000e+00 0.000000000000000000e+00
0.000000000000000000e+00 0.000000000000000000e+00
0.000000000000000000e+00 0.000000000000000000e+00
0.000000000000000000e+00 0.000000000000000000e+00
0.000000000000000000e+00 0.000000000000000000e+00
0.000000000000000000e+00 0.000000000000000000e+00
0.000000000000000000e+00 0.000000000000000000e+00
0.000000000000000000e+00 0.000000000000000000e+00
0.000000000000000000e+00 0.000000000000000000e+00
0.000000000000000000e+00 0.000000000000000000e+00
0.000000000000000000e+00 0.000000000000000000e+00
0.000000000000000000e+00 0.000000000000000000e+00
0.000000000000000000e+00 0.000000000000000000e+00
0.000000000000000000e+00 0.000000000000000000e+00
0.000000000000000000e+00 0.000000000000000000e+00
0.000000000000000000e+00 0.000000000000000000e+00
0.000000000000000000e+00 0.000000000000000000e+00
0.000000000000000000e+00 0.000000000000000000e+00
0.000000000000000000e+00 0.000000000000000000e+00
0.000000000000000000e+00 0.000000000000000000e+00
0.000000000000000000e+00 0.000000000000000000e+00
0.000000000000000000e+00 0.000000000000000000e+00
0.000000000000000000e+00 0.000000000000000000e+00
0.000000000000000000e+00 0.000000000000000000e+00
0.000000000000000000e+00 0.000000000000000000e+00
0.000000000000000000e+00 0.000000000000000000e+00
-3.025083692577302252e-01 -2.849600523263394747e-01
0.000000000000000000e+00 0.000000000000000000e+00
-7.995451197134090249e-02 -7.063062989844659523e-02
0.000000000000000000e+00 0.000000000000000000e+00
-1.248211513094250602e-01 -5.394415617367420701e-02
0.000000000000000000e+00 0.000000000000000000e+00
-8.828691215472740661e-02 -4.497896622768485925e-02
0.000000000000000000e+00 0.000000000000000000e+00
-3.287884449788307240e-02 5.435516153039680366e-03
0.000000000000000000e+00 0.000000000000000000e+00
-5.088005371417413103e-02 -4.452449835308094211e-03
0.000000000000000000e+00 0.000000000000000000e+00
-1.087738172212058263e-01 -7.681762823911227056e-02
0.000000000000000000e+00 0.000000000000000000e+00
-1.410231674979956495e-01 -1.055336180626642029e-01
0.000000000000000000e+00 0.000000000000000000e+00
-1.723125226836821622e-01 -1.594195299506981633e-01
0.000000000000000000e+00 0.000000000000000000e+00
-3.009983186191324545e-01 -2.888415580519471670e-01
0.000000000000000000e+00 0.000000000000000000e+00
0.000000000000000000e+00 0.000000000000000000e+00
0.000000000000000000e+00 0.000000000000000000e+00
-4.280341718774136606e-01 -4.242589577886302088e-01
0.000000000000000000e+00 0.000000000000000000e+00
-1.461828506950144102e-01 -1.254078649641137411e-01
0.000000000000000000e+00 0.000000000000000000e+00
-1.266981538115579120e-01 -8.998439579585688908e-02
0.000000000000000000e+00 0.000000000000000000e+00
-8.748255376575078679e-02 -2.500376207980067531e-02
0.000000000000000000e+00 0.000000000000000000e+00
-8.420074818918457660e-02 2.323579807841908568e-02
0.000000000000000000e+00 0.000000000000000000e+00
-6.501322652018336201e-02 1.217062560224288492e-02
0.000000000000000000e+00 0.000000000000000000e+00
-1.713742666929878311e-01 -8.853474089443501283e-02
0.000000000000000000e+00 0.000000000000000000e+00
-2.453301612441680102e-01 -1.516296189150899143e-01
0.000000000000000000e+00 0.000000000000000000e+00
-3.240069892590582423e-01 -2.353786458606616783e-01
0.000000000000000000e+00 0.000000000000000000e+00
-5.103743189022712512e-01 -3.200283753863130687e-01
0.000000000000000000e+00 0.000000000000000000e+00
0.000000000000000000e+00 0.000000000000000000e+00
0.000000000000000000e+00 0.000000000000000000e+00
-4.951476904783436161e-01 -4.493314277105458499e-01
0.000000000000000000e+00 0.000000000000000000e+00
-1.147143757889726445e-01 -1.676096181073054858e-01
0.000000000000000000e+00 0.000000000000000000e+00
-1.643623823644909110e-01 -1.095700446012811274e-01
0.000000000000000000e+00 0.000000000000000000e+00
-1.761650998337334628e-01 -5.446123778620747674e-02
0.000000000000000000e+00 0.000000000000000000e+00
-1.135875445436999032e-01 2.710288656141659688e-02
0.000000000000000000e+00 0.000000000000000000e+00
-7.060642881897723211e-02 2.358353152999784815e-03
0.000000000000000000e+00 0.000000000000000000e+00
-3.491119589806257473e-01 -1.401970116782660092e-01
0.000000000000000000e+00 0.000000000000000000e+00
-3.990721927430676552e-01 -1.974633842720947552e-01
0.000000000000000000e+00 0.000000000000000000e+00
-3.154662948052280869e-01 -2.773580969302938959e-01
0.000000000000000000e+00 0.000000000000000000e+00
-6.241600648808270924e-01 -3.598833233479489246e-01
0.000000000000000000e+00 0.000000000000000000e+00
0.000000000000000000e+00 0.000000000000000000e+00
0.000000000000000000e+00 0.000000000000000000e+00
-5.235988508549864751e-01 -4.633199480337003018e-01
0.000000000000000000e+00 0.000000000000000000e+00
-1.814522378442867956e-01 -1.224402945136291998e-01
0.000000000000000000e+00 0.000000000000000000e+00
-1.517569013665671929e-01 -9.662491995128662248e-02
0.000000000000000000e+00 0.000000000000000000e+00
-7.895512094025018690e-02 -3.769094377516685190e-02
0.000000000000000000e+00 0.000000000000000000e+00
-7.649821664301523216e-02 3.888500526799065077e-02
0.000000000000000000e+00 0.000000000000000000e+00
-7.757525376656185245e-02 2.013021215926441218e-02
0.000000000000000000e+00 0.000000000000000000e+00
-4.054478170922875546e-01 -6.753937845962286468e-02
0.000000000000000000e+00 0.000000000000000000e+00
-4.280609141743331181e-01 -1.910765216352013629e-01
0.000000000000000000e+00 0.000000000000000000e+00
-3.449562265249924708e-01 -2.530408128224963527e-01
0.000000000000000000e+00 0.000000000000000000e+00
-6.053466542675134399e-01 -3.630518213866241184e-01
0.000000000000000000e+00 0.000000000000000000e+00
0.000000000000000000e+00 0.000000000000000000e+00
0.000000000000000000e+00 0.000000000000000000e+00
-6.561998243912290363e-01 -4.207081688677076214e-01
0.000000000000000000e+00 0.000000000000000000e+00
-2.365732961769695386e-01 -3.121262007763611276e-02
0.000000000000000000e+00 0.000000000000000000e+00
-2.824929941208111361e-01 2.205921880462406726e-02
0.000000000000000000e+00 0.000000000000000000e+00
-2.264443949189462457e-01 6.714711589591748631e-02
0.000000000000000000e+00 0.000000000000000000e+00
3.114300770536359425e-02 1.100648632099626434e-01
0.000000000000000000e+00 0.000000000000000000e+00
-6.608496548129351444e-02 1.163438270698814864e-01
0.000000000000000000e+00 0.000000000000000000e+00
-4.005378869336826964e-01 6.878988366452515324e-02
0.000000000000000000e+00 0.000000000000000000e+00
-3.163640848008175688e-01 -5.703852039482135844e-02
0.000000000000000000e+00 0.000000000000000000e+00
-4.736587881490627039e-01 -1.999155897840567409e-01
0.000000000000000000e+00 0.000000000000000000e+00
-5.602956685231469391e-01 -2.755215457497893206e-01
0.000000000000000000e+00 0.000000000000000000e+00
0.000000000000000000e+00 0.000000000000000000e+00
0.000000000000000000e+00 0.000000000000000000e+00
-7.074052687591774191e-01 -3.114741973895755467e-01
0.000000000000000000e+00 0.000000000000000000e+00
-1.306596260834986256e-01 4.608555183733618194e-02
0.000000000000000000e+00 0.000000000000000000e+00
-6.228766739461590735e-02 1.190556225645830885e-01
0.000000000000000000e+00 0.000000000000000000e+00
-1.373290908822346335e-01 1.345846961320465440e-01
0.000000000000000000e+00 0.000000000000000000e+00
-1.079956236122363300e-01 1.646037310077639593e-01
0.000000000000000000e+00 0.000000000000000000e+00
-2.333201024471527329e-01 1.842651121999797637e-01
0.000000000000000000e+00 0.000000000000000000e+00
-3.814248298517594615e-01 2.341729996150141435e-01
0.000000000000000000e+00 0.000000000000000000e+00
-4.435401168722228338e-01 1.188975376740256523e-01
0.000000000000000000e+00 0.000000000000000000e+00
-6.009103920336347215e-01 -4.729881090131989041e-02
0.000000000000000000e+00 0.000000000000000000e+00
-5.430588275709684609e-01 -2.116129106589280107e-01
0.000000000000000000e+00 0.000000000000000000e+00
0.000000000000000000e+00 0.000000000000000000e+00
0.000000000000000000e+00 0.000000000000000000e+00
-7.168223348809390494e-01 -1.670229941366260240e-01
0.000000000000000000e+00 0.000000000000000000e+00
-3.161103298315900423e-01 2.344886418277064566e-01
0.000000000000000000e+00 0.000000000000000000e+00
-3.397057736895334745e-01 2.795123014911069514e-01
0.000000000000000000e+00 0.000000000000000000e+00
-9.009943552626935304e-02 2.381229916138427327e-01
0.000000000000000000e+00 0.000000000000000000e+00
2.660680282077327458e-02 3.300381554299411935e-01
0.000000000000000000e+00 0.000000000000000000e+00
-1.564511508045093868e-01 3.244102766909659485e-01
0.000000000000000000e+00 0.000000000000000000e+00
-4.897220106494805658e-01 2.916684259963392978e-01
0.000000000000000000e+00 0.000000000000000000e+00
-6.209345466842721706e-01 2.954959336040626217e-01
0.000000000000000000e+00 0.000000000000000000e+00
-4.415713025808958303e-01 1.304025776620231780e-01
0.000000000000000000e+00 0.000000000000000000e+00
-5.639282133044128953e-01 1.169768957606753118e-02
0.000000000000000000e+00 0.000000000000000000e+00
0.000000000000000000e+00 0.000000000000000000e+00
0.000000000000000000e+00 0.000000000000000000e+00
-6.775880200173731716e-01 -1.305687235250499977e-02
0.000000000000000000e+00 0.000000000000000000e+00
-2.247110653331369778e-01 2.231164997773761316e-01
0.000000000000000000e+00 0.000000000000000000e+00
-1.979443092315141817e-01 2.895844011780385197e-01
0.000000000000000000e+00 0.000000000000000000e+00
-1.634658168588747351e-01 3.368712597350128624e-01
0.000000000000000000e+00 0.000000000000000000e+00
-1.057187079999062640e-01 3.356659388185970205e-01
0.000000000000000000e+00 0.000000000000000000e+00
-3.753929958659574240e-02 3.184839118596557994e-01
0.000000000000000000e+00 0.000000000000000000e+00
-4.921135645743225928e-01 2.671725160954224743e-01
0.000000000000000000e+00 0.000000000000000000e+00
-5.078215551804686756e-01 1.693755521212942095e-01
0.000000000000000000e+00 0.000000000000000000e+00
-4.801482333956166304e-01 1.486544902751759933e-01
0.000000000000000000e+00 0.000000000000000000e+00
-5.616178745724772492e-01 4.502088477931425609e-02
0.000000000000000000e+00 0.000000000000000000e+00
0.000000000000000000e+00 0.000000000000000000e+00
0.000000000000000000e+00 0.000000000000000000e+00
-8.150478356805810343e-01 -4.648684909364923512e-01
-8.420863205135918628e-02 -4.168349759801830146e-02
-3.229054566460937692e-01 -2.445858158659828807e-01
-4.314895750162334176e-02 4.455667137734165006e-02
-3.132650060325588015e-01 -2.520757212779648482e-01
-6.656456002259523996e-02 9.432460333506852146e-02
-2.465569522984784878e-01 -2.538413464823554011e-01
-5.722131308488240253e-02 1.077462433133231368e-01
-1.849591283099860650e-01 -2.250380065543511332e-01
-3.784896472256583932e-02 1.081294139683147137e-01
-1.559004247906931595e-01 -2.384685930138580878e-01
4.177255794268508460e-02 1.838574361089763409e-01
-5.268599428001280449e-01 -2.627930289916077244e-01
-1.710171821999491582e-01 1.297675454441641896e-01
-5.516535974060843284e-01 -2.939134030102459327e-01
-7.130000359033808466e-02 1.115736332054383800e-01
-5.446885174774482863e-01 -3.246279938686063571e-01
-2.079853989288542315e-01 2.559653348839885378e-02
-5.545214518841193874e-01 -3.323164869280171296e-01
-3.723905126400394727e-01 -2.051684743588446172e-02
0.000000000000000000e+00 0.000000000000000000e+00
0.000000000000000000e+00 0.000000000000000000e+00
-7.801960674565845411e-01 -5.702538289349605716e-01
-3.806983819303326744e-01 -1.806683109160462375e-01
-2.952864678808304610e-01 -4.286821966898459735e-01
-1.204858669039818586e-01 1.844878264668194795e-02
-2.420896758553661154e-01 -3.891263314109741911e-01
-1.176638985216879874e-01 1.342253455810672458e-01
-2.597331048802621334e-01 -3.470556037145660078e-01
-7.511948339911701800e-02 1.375849463144233065e-01
-4.362192645462253243e-02 -2.784868741527969926e-01
8.616923332735886010e-03 1.707651343078288031e-01
-3.166175760903190972e-01 -1.600081408430840957e-01
1.920641072025844678e-02 1.718464392654675821e-01
-3.988468147873234781e-01 -3.001830521985066613e-01
-2.492944321564025123e-01 1.226466318346044609e-01
-5.685831470288793543e-01 -3.234988877586016387e-01
-3.461630450983140816e-01 2.667814996801531544e-02
-5.762147109818783752e-01 -4.315927198669970988e-01
-3.223229976263792818e-01 3.019209621819874192e-02
-6.403967284756254541e-01 -4.304401339224882550e-01
-5.342956072827160785e-01 -4.324123048725952989e-02
0.000000000000000000e+00 0.000000000000000000e+00
0.000000000000000000e+00 0.000000000000000000e+00
-7.775495201163488135e-01 -5.237131551626066361e-01
-2.781209586119486321e-01 -2.793265600426643736e-01
-4.031030566507653456e-01 -2.920473853433857570e-01
-1.894054710449504242e-01 -1.297348239047272332e-02
-1.895969573796744689e-01 -3.472871284222953103e-01
-4.822827011078106851e-02 1.136814667130626871e-01
-1.688790705930348079e-01 -3.545836211133244209e-01
-1.942558489597485116e-01 1.286094870096347598e-01
-1.157618102037969166e-01 -4.108014871370607168e-01
-6.280535592205160889e-02 1.630304363080256891e-01
-7.860030460471816027e-02 -3.679703339970222253e-01
5.220604255458103499e-02 1.469399898148335271e-01
-4.830224833904522286e-01 -3.459748398533240565e-01
-3.116526540136111412e-01 6.654196908908897867e-02
-6.251350885038036154e-01 -4.506854293730919170e-01
-3.447142194868479947e-01 6.032089877323947719e-02
-6.108904139027818703e-01 -4.484185250400235523e-01
-3.951292605191665253e-01 -3.259442021761083802e-02
-5.542407398787198014e-01 -5.120757456950602027e-01
-3.983245877587284212e-01 -1.433337753336633158e-01
0.000000000000000000e+00 0.000000000000000000e+00
0.000000000000000000e+00 0.000000000000000000e+00
-7.696568154954351870e-01 -6.525145850715178275e-01
-4.262474687926024464e-01 -3.207080049819768242e-01
-2.542394689333147273e-01 -4.867689242179229492e-01
-2.088464786777519677e-01 4.920303718187033284e-03
-2.256587139199867642e-01 -4.354350085869770903e-01
-9.077386577187912531e-02 1.960761155967458841e-02
-1.153851706736082894e-01 -4.535517516223203094e-01
-1.728283475634065369e-02 9.029710599273325922e-02
-1.004616601151856886e-01 -4.847169842005857876e-01
-9.438277337573590386e-02 9.456062292804300051e-02
-3.883684885697773204e-02 -4.298461668888760023e-01
1.615682029848247714e-02 1.652533219613971927e-01
-5.577096529629489430e-01 -3.523497680739831606e-01
-2.412111423658588050e-01 9.375173560573271669e-02
-5.865059729760531138e-01 -3.347220858819573430e-01
-2.253081488680226396e-01 4.970667306938595514e-02
-5.291470885706349714e-01 -4.660114608755879240e-01
-2.712838899195572639e-01 -1.455953825126057033e-01
-5.952428453108508100e-01 -5.835846436495042422e-01
-6.232201539939626889e-01 -1.837731183268840607e-01
0.000000000000000000e+00 0.000000000000000000e+00
0.000000000000000000e+00 0.000000000000000000e+00
-7.878673619413499862e-01 -6.662525047038946324e-01
-4.005102848311540287e-01 -3.391367708567353256e-01
-2.521649173849061509e-01 -4.898851218593680557e-01
-2.384982310029718222e-01 -1.240112636674011413e-02
-3.277708317726625853e-01 -4.535762966305610377e-01
-1.266356161700707972e-01 7.431362259542428905e-02
-2.390420794434772178e-01 -3.897978826683468068e-01
-1.085143158709992312e-01 6.971110525788151713e-02
-1.246794804305916549e-01 -4.100551605337313110e-01
1.058255908731500251e-02 8.277382758831115794e-02
-2.033871243510409210e-01 -3.845164507601101511e-01
-4.405260250289152330e-02 1.267401059811668340e-01
-5.935007206062423712e-01 -4.148614156614201520e-01
-2.608821423921365290e-01 5.290214745077125545e-03
-6.179726995820469249e-01 -4.684428170049848572e-01
-3.105458428096703472e-01 -3.381696886316523654e-02
-6.194144470803841784e-01 -6.048739226667813051e-01
-3.020585060717213555e-01 -1.746319055493156247e-01
-6.375916096724033588e-01 -5.678499366254041725e-01
-5.291368127433508928e-01 -1.777778242841366318e-01
0.000000000000000000e+00 0.000000000000000000e+00
0.000000000000000000e+00 0.000000000000000000e+00
-6.142164692754875643e-01 -7.265017552629882136e-01
-3.683504133696264282e-01 -3.451815141498277839e-01
-6.117448344356488099e-02 -5.277621096048966676e-01
-1.298023876242290209e-01 -1.784246864027562440e-02
-1.998102772603275734e-01 -5.954677316909464668e-01
-4.560221759946884307e-02 -4.221569100369549146e-03
-1.654721928698083544e-01 -6.571277497388342548e-01
-2.949569534359444342e-02 6.123349384863731315e-02
8.799104535995283527e-02 -5.152667130610507629e-01
-6.997176615867706229e-02 1.680296544836663575e-01
6.018723535908930555e-02 -5.487318624128348921e-01
-1.122298656208222875e-02 1.608044822927739148e-01
-1.347452859223320920e-01 -4.674130516837933236e-01
-7.534812593818801529e-02 1.329330967900088922e-01
-4.176904060389755591e-01 -5.297217272778670383e-01
-2.355828792396330584e-01 -6.017520194446229244e-03
-4.597310998196609821e-01 -5.922168444732749393e-01
-2.735978562152057147e-01 -1.620866215348307771e-01
-5.235070376727545272e-01 -6.023435247871562481e-01
-5.499451082192836626e-01 -2.700124045686347896e-01
0.000000000000000000e+00 0.000000000000000000e+00
0.000000000000000000e+00 0.000000000000000000e+00
-3.359861763178723093e-01 -7.344656911816861422e-01
-3.512906440568400734e-01 -3.288641766537889755e-01
1.023316638897149300e-01 -6.383561712965539758e-01
6.175989378976544375e-02 4.555366693387149710e-03
1.219533979702769888e-01 -5.630647559374505340e-01
3.197063355864869227e-01 8.575345883337981423e-02
2.710861782352142479e-01 -6.708191134657705001e-01
2.261945412022869362e-01 4.910439832963419543e-02
1.583017024183695221e-01 -6.373505512423948138e-01
7.736253005337444255e-02 1.700705653617534119e-01
3.030789708379897363e-01 -5.757681216252935608e-01
1.046977978011835453e-01 1.609175793191114090e-01
4.986304446256511480e-01 -5.185913879966161932e-01
4.370411504078854925e-01 4.724558780792787599e-02
1.184741723050433959e-01 -4.626045930456922917e-01
2.261754225899698101e-01 2.911134717603380134e-02
-1.850245884425220089e-01 -5.592985690823620848e-01
-9.794599274875601114e-02 -6.632964415863093488e-02
-2.949373185707670486e-01 -6.916307571272307664e-01
-2.759375907500668523e-01 -1.642065441691263061e-01
0.000000000000000000e+00 0.000000000000000000e+00
0.000000000000000000e+00 0.000000000000000000e+00
-7.726833072947700276e-02 -7.863017503103739703e-01
-2.691289173153084691e-01 -2.980381883835271362e-01
3.505839361503705898e-01 -7.395695491462118687e-01
4.436228294905909530e-01 3.515169828427260751e-02
4.544205810939080381e-01 -7.323270640658823272e-01
4.333010533112597873e-01 1.013644541960627005e-01
4.309251404370605387e-01 -6.600595845411776352e-01
3.620672209203199543e-01 1.344553622770795209e-01
5.299072514782530163e-01 -8.024171161146236297e-01
3.355324550195593614e-01 1.732526093884194096e-01
5.903557608729880224e-01 -7.042773950912324388e-01
6.134328526210778287e-01 1.595798910534352577e-01
5.756242417508321552e-01 -7.372636122041149598e-01
5.255747569085911231e-01 1.727310011505904519e-01
5.266827700377877397e-01 -7.171486079760013288e-01
6.363721492139574609e-01 5.310469499900945245e-02
2.874372381752584027e-01 -7.595619398072016581e-01
3.270548218046703259e-01 9.884060629439927331e-03
-1.296063693619479637e-02 -7.581272488781507501e-01
4.033933329624281999e-02 -1.403244999682711214e-01
0.000000000000000000e+00 0.000000000000000000e+00
0.000000000000000000e+00 0.000000000000000000e+00
2.107964626124254615e-01 -8.950275504372557922e-01
7.249412950574928016e-02 -1.484184431496657908e-01
6.642599079611513080e-01 -8.638693044793870346e-01
6.830482054208047993e-01 1.268612877861725052e-01
6.409527474520505530e-01 -8.526189034190717608e-01
6.541018853027406044e-01 2.011667065814713162e-01
6.199193846037301947e-01 -8.965230791920912878e-01
6.556014188826337907e-01 1.781810768698506575e-01
7.034499669360754215e-01 -8.417184359013939465e-01
7.939171341011189709e-01 1.887072888435170070e-01
7.904750248769413234e-01 -8.201026246471596615e-01
7.330686899588207961e-01 1.567153611069181107e-01
8.307692588823770707e-01 -8.340562821179766662e-01
7.334930647110111668e-01 1.249097815528431021e-01
8.400361051241912458e-01 -8.806599851922327638e-01
8.461047751532017047e-01 7.038110464746823169e-02
7.447039547849804153e-01 -8.663186476172706207e-01
7.219994190122444033e-01 1.594243446310792123e-01
4.439701919424612897e-01 -8.813426102757736524e-01
4.652736920581461155e-01 -8.242612798493378912e-02
0.000000000000000000e+00 0.000000000000000000e+00
0.000000000000000000e+00 0.000000000000000000e+00
6.133312863337913035e-01 -9.778313752316843965e-01
9.259097058418740422e-01 -7.243961997531453423e-02
8.981336130153534381e-01 -9.221355127980880306e-01
1.430616678933311903e+00 1.886809102628493051e-01
8.708746215149549830e-01 -9.038386966068514550e-01
1.425420286156438454e+00 2.587998093618522066e-01
8.741424624951997790e-01 -9.076278356441420669e-01
1.434820418421607569e+00 2.361482123790466237e-01
8.934263290977725314e-01 -8.915129234922853918e-01
1.416267011595208514e+00 3.293827346495032948e-01
8.852204026868023545e-01 -8.763709658636380517e-01
1.394379724534234422e+00 3.024975305012636562e-01
8.968468838769451112e-01 -9.651538344493294508e-01
1.400888219117286670e+00 2.516279801916788128e-01
9.217782182791436352e-01 -9.573959286211236597e-01
1.404713643688890956e+00 2.732301231717835233e-01
8.870803820688305530e-01 -9.606873191741134299e-01
1.392890567149865033e+00 5.427651327553531524e-02
8.748369519572229969e-01 -9.999984021411016943e-01
1.324132249174446274e+00 6.518610356099877046e-02
0.000000000000000000e+00 0.000000000000000000e+00
0.000000000000000000e+00 0.000000000000000000e+00
0.000000000000000000e+00 0.000000000000000000e+00
0.000000000000000000e+00 0.000000000000000000e+00
0.000000000000000000e+00 0.000000000000000000e+00
0.000000000000000000e+00 0.000000000000000000e+00
0.000000000000000000e+00 0.000000000000000000e+00
0.000000000000000000e+00 0.000000000000000000e+00
0.000000000000000000e+00 0.000000000000000000e+00
0.000000000000000000e+00 0.000000000000000000e+00
0.000000000000000000e+00 0.000000000000000000e+00
0.000000000000000000e+00 0.000000000000000000e+00
0.000000000000000000e+00 0.000000000000000000e+00
0.000000000000000000e+00 0.000000000000000000e+00
0.000000000000000000e+00 0.000000000000000000e+00
0.000000000000000000e+00 0.000000000000000000e+00
0.000000000000000000e+00 0.000000000000000000e+00
0.000000000000000000e+00 0.000000000000000000e+00
0.000000000000000000e+00 0.000000000000000000e+00
0.000000000000000000e+00 0.000000000000000000e+00
0.000000000000000000e+00 0.000000000000000000e+00
0.000000000000000000e+00 0.000000000000000000e+00
0.000000000000000000e+00 0.000000000000000000e+00
0.000000000000000000e+00 0.000000000000000000e+00
0.000000000000000000e+00 0.000000000000000000e+00
0.000000000000000000e+00 0.000000000000000000e+00
0.000000000000000000e+00 0.000000000000000000e+00
0.000000000000000000e+00 0.000000000000000000e+00
0.000000000000000000e+00 0.000000000000000000e+00
0.000000000000000000e+00 0.000000000000000000e+00
0.000000000000000000e+00 0.000000000000000000e+00
0.000000000000000000e+00 0.000000000000000000e+00
0.000000000000000000e+00 0.000000000000000000e+00
0.000000000000000000e+00 0.000000000000000000e+00
0.000000000000000000e+00 0.000000000000000000e+00
0.000000000000000000e+00 0.000000000000000000e+00
0.000000000000000000e+00 0.000000000000000000e+00
0.000000000000000000e+00 0.000000000000000000e+00
0.000000000000000000e+00 0.000000000000000000e+00
0.000000000000000000e+00 0.000000000000000000e+00
0.000000000000000000e+00 0.000000000000000000e+00
0.000000000000000000e+00 0.000000000000000000e+00
0.000000000000000000e+00 0.000000000000000000e+00
0.000000000000000000e+00 0.000000000000000000e+00
0.000000000000000000e+00 0.000000000000000000e+00
0.000000000000000000e+00 0.000000000000000000e+00
0.000000000000000000e+00 0.000000000000000000e+00
0.000000000000000000e+00 0.000000000000000000e+00
0.000000000000000000e+00 0.000000000000000000e+00
0.000000000000000000e+00 0.000000000000000000e+00
0.000000000000000000e+00 0.000000000000000000e+00
0.000000000000000000e+00 0.000000000000000000e+00
0.000000000000000000e+00 0.000000000000000000e+00
0.000000000000000000e+00 0.000000000000000000e+00
0.000000000000000000e+00 0.000000000000000000e+00
0.000000000000000000e+00 0.000000000000000000e+00
0.000000000000000000e+00 0.000000000000000000e+00
0.000000000000000000e+00 0.000000000000000000e+00
0.000000000000000000e+00 0.000000000000000000e+00
0.000000000000000000e+00 0.000000000000000000e+00
0.000000000000000000e+00 0.000000000000000000e+00
0.000000000000000000e+00 0.000000000000000000e+00
0.000000000000000000e+00 0.000000000000000000e+00
0.000000000000000000e+00 0.000000000000000000e+00
0.000000000000000000e+00 0.000000000000000000e+00
0.000000000000000000e+00 0.000000000000000000e+00
0.000000000000000000e+00 0.000000000000000000e+00
0.000000000000000000e+00 0.000000000000000000e+00
0.000000000000000000e+00 0.000000000000000000e+00
0.000000000000000000e+00 0.000000000000000000e+00
0.000000000000000000e+00 0.000000000000000000e+00
0.000000000000000000e+00 0.000000000000000000e+00
0.000000000000000000e+00 0.000000000000000000e+00
0.000000000000000000e+00 0.000000000000000000e+00
0.000000000000000000e+00 0.000000000000000000e+00
0.000000000000000000e+00 0.000000000000000000e+00
0.000000000000000000e+00 0.000000000000000000e+00
0.000000000000000000e+00 0.000000000000000000e+00
0.000000000000000000e+00 0.000000000000000000e+00
0.000000000000000000e+00 0.000000000000000000e+00
0.000000000000000000e+00 0.000000000000000000e+00
0.000000000000000000e+00 0.000000000000000000e+00
0.000000000000000000e+00 0.000000000000000000e+00
0.000000000000000000e+00 0.000000000000000000e+00
0.000000000000000000e+00 0.000000000000000000e+00
0.000000000000000000e+00 0.000000000000000000e+00
0.000000000000000000e+00 0.000000000000000000e+00
0.000000000000000000e+00 0.000000000000000000e+00
0.000000000000000000e+00 0.000000000000000000e+00
0.000000000000000000e+00 0.000000000000000000e+00
0.000000000000000000e+00 0.000000000000000000e+00
0.000000000000000000e+00 0.000000000000000000e+00
0.000000000000000000e+00 0.000000000000000000e+00
0.000000000000000000e+00 0.000000000000000000e+00
0.000000000000000000e+00 0.000000000000000000e+00
0.000000000000000000e+00 0.000000000000000000e+00
0.000000000000000000e+00 0.000000000000000000e+00
0.000000000000000000e+00 0.000000000000000000e+00
0.000000000000000000e+00 0.000000000000000000e+00
0.000000000000000000e+00 0.000000000000000000e+00
0.000000000000000000e+00 0.000000000000000000e+00
0.000000000000000000e+00 0.000000000000000000e+00
0.000000000000000000e+00 0.000000000000000000e+00
0.000000000000000000e+00 0.000000000000000000e+00
0.000000000000000000e+00 0.000000000000000000e+00
0.000000000000000000e+00 0.000000000000000000e+00
0.000000000000000000e+00 0.000000000000000000e+00
0.000000000000000000e+00 0.000000000000000000e+00
0.000000000000000000e+00 0.000000000000000000e+00
0.000000000000000000e+00 0.000000000000000000e+00
0.000000000000000000e+00 0.000000000000000000e+00
0.000000000000000000e+00 0.000000000000000000e+00
0.000000000000000000e+00 0.000000000000000000e+00
0.000000000000000000e+00 0.000000000000000000e+00
0.000000000000000000e+00 0.000000000000000000e+00
0.000000000000000000e+00 0.000000000000000000e+00
0.000000000000000000e+00 0.000000000000000000e+00
0.000000000000000000e+00 0.000000000000000000e+00
0.000000000000000000e+00 0.000000000000000000e+00
0.000000000000000000e+00 0.000000000000000000e+00
0.000000000000000000e+00 0.000000000000000000e+00
0.000000000000000000e+00 0.000000000000000000e+00
0.000000000000000000e+00 0.000000000000000000e+00
0.000000000000000000e+00 0.000000000000000000e+00
0.000000000000000000e+00 0.000000000000000000e+00
0.000000000000000000e+00 0.000000000000000000e+00
0.000000000000000000e+00 0.000000000000000000e+00
0.000000000000000000e+00 0.000000000000000000e+00
0.000000000000000000e+00 0.000000000000000000e+00
0.000000000000000000e+00 0.000000000000000000e+00
0.000000000000000000e+00 0.000000000000000000e+00
0.000000000000000000e+00 0.000000000000000000e+00
0.000000000000000000e+00 0.000000000000000000e+00
0.000000000000000000e+00 0.000000000000000000e+00
0.000000000000000000e+00 0.000000000000000000e+00
0.000000000000000000e+00 0.000000000000000000e+00
0.000000000000000000e+00 0.000000000000000000e+00
0.000000000000000000e+00 0.000000000000000000e+00
0.000000000000000000e+00 0.000000000000000000e+00
0.000000000000000000e+00 0.000000000000000000e+00
0.000000000000000000e+00 0.000000000000000000e+00
0.000000000000000000e+00 0.000000000000000000e+00
0.000000000000000000e+00 0.000000000000000000e+00
0.000000000000000000e+00 0.000000000000000000e+00
0.000000000000000000e+00 0.000000000000000000e+00
0.000000000000000000e+00 0.000000000000000000e+00
0.000000000000000000e+00 0.000000000000000000e+00
0.000000000000000000e+00 0.000000000000000000e+00
0.000000000000000000e+00 0.000000000000000000e+00
0.000000000000000000e+00 0.000000000000000000e+00
0.000000000000000000e+00 0.000000000000000000e+00
0.000000000000000000e+00 0.000000000000000000e+00
0.000000000000000000e+00 0.000000000000000000e+00
0.000000000000000000e+00 0.000000000000000000e+00
0.000000000000000000e+00 0.000000000000000000e+00
0.000000000000000000e+00 0.000000000000000000e+00
0.000000000000000000e+00 0.000000000000000000e+00
0.000000000000000000e+00 0.000000000000000000e+00
0.000000000000000000e+00 0.000000000000000000e+00
0.000000000000000000e+00 0.000000000000000000e+00
0.000000000000000000e+00 0.000000000000000000e+00
0.000000000000000000e+00 0.000000000000000000e+00
0.000000000000000000e+00 0.000000000000000000e+00
0.000000000000000000e+00 0.000000000000000000e+00
0.000000000000000000e+00 0.000000000000000000e+00
0.000000000000000000e+00 0.000000000000000000e+00
0.000000000000000000e+00 0.000000000000000000e+00
0.000000000000000000e+00 0.000000000000000000e+00
0.000000000000000000e+00 0.000000000000000000e+00
0.000000000000000000e+00 0.000000000000000000e+00
0.000000000000000000e+00 0.000000000000000000e+00
0.000000000000000000e+00 0.000000000000000000e+00
0.000000000000000000e+00 0.000000000000000000e+00
0.000000000000000000e+00 0.000000000000000000e+00
0.000000000000000000e+00 0.000000000000000000e+00
0.000000000000000000e+00 0.000000000000000000e+00
0.000000000000000000e+00 0.000000000000000000e+00
0.000000000000000000e+00 0.000000000000000000e+00
0.000000000000000000e+00 0.000000000000000000e+00
0.000000000000000000e+00 0.000000000000000000e+00
0.000000000000000000e+00 0.000000000000000000e+00
0.000000000000000000e+00 0.000000000000000000e+00
0.000000000000000000e+00 0.000000000000000000e+00
0.000000000000000000e+00 0.000000000000000000e+00
0.000000000000000000e+00 0.000000000000000000e+00
0.000000000000000000e+00 0.000000000000000000e+00
0.000000000000000000e+00 0.000000000000000000e+00
0.000000000000000000e+00 0.000000000000000000e+00
0.000000000000000000e+00 0.000000000000000000e+00
0.000000000000000000e+00 0.000000000000000000e+00
0.000000000000000000e+00 0.000000000000000000e+00
0.000000000000000000e+00 0.000000000000000000e+00
0.000000000000000000e+00 0.000000000000000000e+00
0.000000000000000000e+00 0.000000000000000000e+00
0.000000000000000000e+00 0.000000000000000000e+00
0.000000000000000000e+00 0.000000000000000000e+00
0.000000000000000000e+00 0.000000000000000000e+00
0.000000000000000000e+00 0.000000000000000000e+00
0.000000000000000000e+00 0.000000000000000000e+00
0.000000000000000000e+00 0.000000000000000000e+00
0.000000000000000000e+00 0.000000000000000000e+00
0.000000000000000000e+00 0.000000000000000000e+00
0.000000000000000000e+00 0.000000000000000000e+00
0.000000000000000000e+00 0.000000000000000000e+00
0.000000000000000000e+00 0.000000000000000000e+00
0.000000000000000000e+00 0.000000000000000000e+00
0.000000000000000000e+00 0.000000000000000000e+00
0.000000000000000000e+00 0.000000000000000000e+00
0.000000000000000000e+00 0.000000000000000000e+00
0.000000000000000000e+00 0.000000000000000000e+00
0.000000000000000000e+00 0.000000000000000000e+00
0.000000000000000000e+00 0.000000000000000000e+00
0.000000000000000000e+00 0.000000000000000000e+00
0.000000000000000000e+00 0.000000000000000000e+00
0.000000000000000000e+00 0.000000000000000000e+00
0.000000000000000000e+00 0.000000000000000000e+00
0.000000000000000000e+00 0.000000000000000000e+00
0.000000000000000000e+00 0.000000000000000000e+00
0.000000000000000000e+00 0.000000000000000000e+00
0.000000000000000000e+00 0.000000000000000000e+00
0.000000000000000000e+00 0.000000000000000000e+00
0.000000000000000000e+00 0.000000000000000000e+00
0.000000000000000000e+00 0.000000000000000000e+00
0.000000000000000000e+00 0.000000000000000000e+00
