0.000000000000000000e+00 0.000000000000000000e+00
0.000000000000000000e+00 0.000000000000000000e+00
0.000000000000000000e+00 0.000000000000000000e+00
0.000000000000000000e+00 0.000000000000000000e+00
0.000000000000000000e+00 0.000000000000000000e+00
0.000000000000000000e+00 0.000000000000000000e+00
0.000000000000000000e+00 0.000000000000000000e+00
0.000000000000000000e+00 0.000000000000000000e+00
0.000000000000000000e+00 0.000000000000000000e+00
0.000000000000000000e+00 0.000000000000000000e+00
0.000000000000000000e+00 0.000000000000000000e+00
0.000000000000000000e+00 0.000000000000000000e+00
0.000000000000000000e+00 0.000000000000000000e+00
0.000000000000000000e+00 0.000000000000000000e+00
0.000000000000000000e+00 0.000000000000000000e+00
0.000000000000000000e+00 0.000000000000000000e+00
0.000000000000000000e+00 0.000000000000000000e+00
0.000000000000000000e+00 0.000000000000000000e+00
0.000000000000000000e+00 0.000000000000000000e+00
0.000000000000000000e+00 0.000000000000000000e+00
0.000000000000000000e+00 0.000000000000000000e+00
0.000000000000000000e+00 0.000000000000000000e+00
0.000000000000000000e+00 0.000000000000000000e+00
0.000000000000000000e+00 0.000000000000000000e+00
0.000000000000000000e+00 0.000000000000000000e+00
0.000000000000000000e+00 0.000000000000000000e+00
0.000000000000000000e+00 0.000000000000000000e+00
0.000000000000000000e+00 0.000000000000000000e+00
0.000000000000000000e+00 0.000000000000000000e+00
0.000000000000000000e+00 0.000000000000000000e+00
0.000000000000000000e+00 0.000000000000000000e+00
0.000000000000000000e+00 0.000000000000000000e+00
0.000000000000000000e+00 0.000000000000000000e+00
0.000000000000000000e+00 0.000000000000000000e+00
0.000000000000000000e+00 0.000000000000000000e+00
0.000000000000000000e+00 0.000000000000000000e+00
0.000000000000000000e+00 0.000000000000000000e+00
0.000000000000000000e+00 0.000000000000000000e+00
0.000000000000000000e+00 0.000000000000000000e+00
0.000000000000000000e+00 0.000000000000000000e+00
0.000000000000000000e+00 0.000000000000000000e+00
0.000000000000000000e+00 0.000000000000000000e+00
0.000000000000000000e+00 0.000000000000000000e+00
0.000000000000000000e+00 0.000000000000000000e+00
0.000000000000000000e+00 0.000000000000000000e+00
0.000000000000000000e+00 0.000000000000000000e+00
0.000000000000000000e+00 0.000000000000000000e+00
0.000000000000000000e+00 0.000000000000000000e+00
0.000000000000000000e+00 0.000000000000000000e+00
0.000000000000000000e+00 0.000000000000000000e+00
0.000000000000000000e+00 0.000000000000000000e+00
0.000000000000000000e+00 0.000000000000000000e+00
0.000000000000000000e+00 0.000000000000000000e+00
0.000000000000000000e+00 0.000000000000000000e+00
0.000000000000000000e+00 0.000000000000000000e+00
0.000000000000000000e+00 0.000000000000000000e+00
0.000000000000000000e+00 0.000000000000000000e+00
0.000000000000000000e+00 0.000000000000000000e+00
0.000000000000000000e+00 0.000000000000000000e+00
0.000000000000000000e+00 0.000000000000000000e+00
0.000000000000000000e+00 0.000000000000000000e+00
0.000000000000000000e+00 0.000000000000000000e+00
0.000000000000000000e+00 0.000000000000000000e+00
0.000000000000000000e+00 0.000000000000000000e+00
0.000000000000000000e+00 0.000000000000000000e+00
0.000000000000000000e+00 0.000000000000000000e+00
0.000000000000000000e+00 0.000000000000000000e+00
0.000000000000000000e+00 0.000000000000000000e+00
0.000000000000000000e+00 0.000000000000000000e+00
0.000000000000000000e+00 0.000000000000000000e+00
0.000000000000000000e+00 0.000000000000000000e+00
0.000000000000000000e+00 0.000000000000000000e+00
0.000000000000000000e+00 0.000000000000000000e+00
0.000000000000000000e+00 0.000000000000000000e+00
0.000000000000000000e+00 0.000000000000000000e+00
0.000000000000000000e+00 0.000000000000000000e+00
0.000000000000000000e+00 0.000000000000000000e+00
0.000000000000000000e+00 0.000000000000000000e+00
0.000000000000000000e+00 0.000000000000000000e+00
0.000000000000000000e+00 0.000000000000000000e+00
0.000000000000000000e+00 0.000000000000000000e+00
0.000000000000000000e+00 0.000000000000000000e+00
0.000000000000000000e+00 0.000000000000000000e+00
0.000000000000000000e+00 0.000000000000000000e+00
0.000000000000000000e+00 0.000000000000000000e+00
0.000000000000000000e+00 0.000000000000000000e+00
0.000000000000000000e+00 0.000000000000000000e+00
0.000000000000000000e+00 0.000000000000000000e+00
0.000000000000000000e+00 0.000000000000000000e+00
0.000000000000000000e+00 0.000000000000000000e+00
-3.940398999999999985e-02 -2.907024313716087549e-02
0.000000000000000000e+00 0.000000000000000000e+00
1.941378238405989942e-02 -1.745200503375102588e-03
0.000000000000000000e+00 0.000000000000000000e+00
1.341282380842216682e-02 -1.041735631044780246e-03
0.000000000000000000e+00 0.000000000000000000e+00
-1.009706910499000125e-02 -9.728902200531330466e-03
0.000000000000000000e+00 0.000000000000000000e+00
-1.019792237019930166e-02 -4.176662787438249411e-03
0.000000000000000000e+00 0.000000000000000000e+00
-1.897881232491708745e-03 -1.044781856753790143e-03
0.000000000000000000e+00 0.000000000000000000e+00
-9.714751893010003386e-03 -6.231252284879184970e-03
0.000000000000000000e+00 0.000000000000000000e+00
-1.999801000000000009e-02 -1.803734040048420029e-02
0.000000000000000000e+00 0.000000000000000000e+00
-1.960399000000000169e-02 -1.142746310869316093e-02
0.000000000000000000e+00 0.000000000000000000e+00
-1.133474221458473652e-01 -1.101887921160913109e-01
0.000000000000000000e+00 0.000000000000000000e+00
0.000000000000000000e+00 0.000000000000000000e+00
0.000000000000000000e+00 0.000000000000000000e+00
-9.561792499119550759e-02 -8.313731255284036170e-02
0.000000000000000000e+00 0.000000000000000000e+00
-1.885059683753483040e-02 -1.303104205258610350e-02
0.000000000000000000e+00 0.000000000000000000e+00
9.927843696585357536e-03 -1.060059486251553433e-02
0.000000000000000000e+00 0.000000000000000000e+00
-4.862187862780070063e-02 -3.338052646589660666e-02
0.000000000000000000e+00 0.000000000000000000e+00
-1.105413123507540361e-02 -8.391866062593162853e-03
0.000000000000000000e+00 0.000000000000000000e+00
-1.999219761594010075e-02 -6.712431769412705897e-03
0.000000000000000000e+00 0.000000000000000000e+00
-7.537954529585071117e-02 -6.569814335866454302e-02
0.000000000000000000e+00 0.000000000000000000e+00
-5.848683765337700513e-02 -5.691766488986639561e-02
0.000000000000000000e+00 0.000000000000000000e+00
-4.919825563978070387e-02 -4.511875462139480070e-02
0.000000000000000000e+00 0.000000000000000000e+00
-2.244692179666343823e-01 -2.270625011524895487e-01
0.000000000000000000e+00 0.000000000000000000e+00
0.000000000000000000e+00 0.000000000000000000e+00
0.000000000000000000e+00 0.000000000000000000e+00
-1.036493740130120106e-01 -8.885902264387091076e-02
0.000000000000000000e+00 0.000000000000000000e+00
-3.755186731485050250e-02 -3.278854214618066865e-02
0.000000000000000000e+00 0.000000000000000000e+00
-2.925375714389914089e-02 -2.170920399531505243e-02
0.000000000000000000e+00 0.000000000000000000e+00
-2.913601680559074064e-02 -1.564106970954322676e-02
0.000000000000000000e+00 0.000000000000000000e+00
-5.986765305362553441e-02 -2.610423212580160676e-02
0.000000000000000000e+00 0.000000000000000000e+00
-3.870138018569191374e-02 -2.587173775527457781e-02
0.000000000000000000e+00 0.000000000000000000e+00
-9.405219081082241694e-02 -8.860665751303492543e-02
0.000000000000000000e+00 0.000000000000000000e+00
-7.544887288248391943e-02 -7.454910742734327522e-02
0.000000000000000000e+00 0.000000000000000000e+00
-9.420914828387072504e-02 -7.149832862388648402e-02
0.000000000000000000e+00 0.000000000000000000e+00
-2.893136010934479474e-01 -2.822771778217102456e-01
0.000000000000000000e+00 0.000000000000000000e+00
0.000000000000000000e+00 0.000000000000000000e+00
0.000000000000000000e+00 0.000000000000000000e+00
-1.820112717090093812e-01 -1.821490917648287133e-01
0.000000000000000000e+00 0.000000000000000000e+00
-6.472032642421279847e-02 -5.525681883088323643e-02
0.000000000000000000e+00 0.000000000000000000e+00
-5.133694026934000620e-02 -5.004649328608627018e-02
0.000000000000000000e+00 0.000000000000000000e+00
-4.638429537500068228e-02 -2.117930127015809835e-02
0.000000000000000000e+00 0.000000000000000000e+00
6.654420618579463126e-03 -1.473031483700834761e-02
0.000000000000000000e+00 0.000000000000000000e+00
4.584050934359117785e-02 -5.022846925872613902e-03
0.000000000000000000e+00 0.000000000000000000e+00
-4.654193151483592555e-02 -3.410726311401404698e-02
0.000000000000000000e+00 0.000000000000000000e+00
-8.293669381571393273e-02 -7.996741008807195517e-02
0.000000000000000000e+00 0.000000000000000000e+00
-9.052420131351476829e-02 -8.876692056252123708e-02
0.000000000000000000e+00 0.000000000000000000e+00
-3.644213322475561845e-01 -3.496938040822532012e-01
0.000000000000000000e+00 0.000000000000000000e+00
0.000000000000000000e+00 0.000000000000000000e+00
0.000000000000000000e+00 0.000000000000000000e+00
-1.714568518291961496e-01 -1.675584634137388118e-01
0.000000000000000000e+00 0.000000000000000000e+00
-2.396769558620484575e-02 -2.706417147781926824e-02
0.000000000000000000e+00 0.000000000000000000e+00
-3.021623014974179899e-02 -2.468176778376778707e-02
0.000000000000000000e+00 0.000000000000000000e+00
-1.961654522981836485e-02 -1.288427308091422488e-02
0.000000000000000000e+00 0.000000000000000000e+00
2.289222206142966023e-03 4.217010842223692380e-02
0.000000000000000000e+00 0.000000000000000000e+00
-4.611684285397006644e-02 1.387487238632754451e-02
0.000000000000000000e+00 0.000000000000000000e+00
-3.655974429785071450e-02 2.199155074390822875e-02
0.000000000000000000e+00 0.000000000000000000e+00
-1.199416453587114767e-01 -2.707671210109971818e-02
0.000000000000000000e+00 0.000000000000000000e+00
-1.106217612640530423e-01 -7.866505902623184554e-02
0.000000000000000000e+00 0.000000000000000000e+00
-2.850086831972871160e-01 -2.617325671834471734e-01
0.000000000000000000e+00 0.000000000000000000e+00
0.000000000000000000e+00 0.000000000000000000e+00
0.000000000000000000e+00 0.000000000000000000e+00
-1.623291086500555092e-01 -1.612680329452037264e-01
0.000000000000000000e+00 0.000000000000000000e+00
-1.381429093087147286e-01 3.070991777292982061e-04
0.000000000000000000e+00 0.000000000000000000e+00
-1.096469613764175788e-01 5.045086392121204966e-02
0.000000000000000000e+00 0.000000000000000000e+00
-3.508516248876920873e-02 5.484603635710696284e-02
0.000000000000000000e+00 0.000000000000000000e+00
-5.404815404543426849e-02 4.225872242998544165e-02
0.000000000000000000e+00 0.000000000000000000e+00
-1.009069836200704590e-01 8.313629789396871639e-02
0.000000000000000000e+00 0.000000000000000000e+00
-7.097836773036780844e-02 1.458412012584648920e-01
0.000000000000000000e+00 0.000000000000000000e+00
-6.484051938478761767e-02 1.368914274098702311e-02
0.000000000000000000e+00 0.000000000000000000e+00
-1.077892120943132193e-01 -5.765787772920784315e-02
0.000000000000000000e+00 0.000000000000000000e+00
-2.827330630931655375e-01 -2.238971274461794836e-01
0.000000000000000000e+00 0.000000000000000000e+00
0.000000000000000000e+00 0.000000000000000000e+00
0.000000000000000000e+00 0.000000000000000000e+00
-1.641805459429583336e-01 -8.144306098156629814e-02
0.000000000000000000e+00 0.000000000000000000e+00
-5.054841891969087675e-02 1.446881827855727165e-01
0.000000000000000000e+00 0.000000000000000000e+00
-3.805984768234062232e-02 1.565282828969430384e-01
0.000000000000000000e+00 0.000000000000000000e+00
-7.580176969772028928e-02 2.178121544959481792e-01
0.000000000000000000e+00 0.000000000000000000e+00
-4.877154782879603023e-02 1.963942560560761885e-01
0.000000000000000000e+00 0.000000000000000000e+00
-8.131134488166712193e-02 1.541141546285680897e-01
0.000000000000000000e+00 0.000000000000000000e+00
-1.157972675856690503e-01 2.477599298632864322e-01
0.000000000000000000e+00 0.000000000000000000e+00
-1.586839020424197777e-01 1.074741122239819269e-01
0.000000000000000000e+00 0.000000000000000000e+00
-1.183470995172909157e-01 9.518309299523462774e-02
0.000000000000000000e+00 0.000000000000000000e+00
-3.912086797213384370e-01 -6.199787513667703864e-03
0.000000000000000000e+00 0.000000000000000000e+00
0.000000000000000000e+00 0.000000000000000000e+00
0.000000000000000000e+00 0.000000000000000000e+00
-1.829285232361991254e-01 -6.188028303944033415e-02
0.000000000000000000e+00 0.000000000000000000e+00
-1.556150756437139626e-01 8.784662636134502045e-02
0.000000000000000000e+00 0.000000000000000000e+00
-1.078416778130753678e-01 1.046584065659875579e-01
0.000000000000000000e+00 0.000000000000000000e+00
4.040301545276334116e-03 1.053240089667378532e-01
0.000000000000000000e+00 0.000000000000000000e+00
-2.352781758034548296e-02 1.519077545093087955e-01
0.000000000000000000e+00 0.000000000000000000e+00
-5.971027578259671675e-02 9.762336891200307232e-02
0.000000000000000000e+00 0.000000000000000000e+00
-1.996738434734062484e-01 1.345715398280591113e-01
0.000000000000000000e+00 0.000000000000000000e+00
-1.380167164563832483e-01 6.375555827173384760e-02
0.000000000000000000e+00 0.000000000000000000e+00
-1.390664817124576957e-01 4.926196101495717433e-02
0.000000000000000000e+00 0.000000000000000000e+00
-2.998169712233714757e-01 2.058729910327761897e-02
0.000000000000000000e+00 0.000000000000000000e+00
0.000000000000000000e+00 0.000000000000000000e+00
0.000000000000000000e+00 0.000000000000000000e+00
-5.155989322108212036e-01 -4.333576371733502408e-01
-2.940795010000000348e-02 -1.459017210528526856e-02
-2.491553216355519851e-01 -2.008830220220731155e-01
-1.980198999999999848e-02 -4.633290346519025257e-03
-2.843624620268201952e-01 -3.185629619538121737e-01
-1.990000000000000102e-02 1.485945341261159583e-02
-2.071305606959513990e-01 -1.695688441963117410e-01
-9.701000000000001289e-03 4.306593155473242840e-03
-2.497271578977573459e-01 -1.982086306961259037e-01
-1.000000000000000021e-02 1.084748179049214827e-02
-1.228084535808895289e-01 -2.001558810124517696e-01
0.000000000000000000e+00 1.475135926219708037e-02
-3.008596135992697707e-01 -2.191958014487812856e-01
-9.701000000000001289e-03 6.976033081681209079e-03
-3.131148493274811817e-01 -3.147284034163884137e-01
-1.960399000000000169e-02 1.747966856018802473e-02
-3.411292777334733461e-01 -3.117960122496084563e-01
-9.701000000000001289e-03 7.576176262454508217e-03
-5.434184952772630472e-01 -3.713121702746488562e-01
-6.641843878314376837e-02 -3.390473027921128701e-02
0.000000000000000000e+00 0.000000000000000000e+00
0.000000000000000000e+00 0.000000000000000000e+00
-5.035069994491639944e-01 -4.962575591678418663e-01
-3.950004960100000212e-02 -4.189263979902189960e-02
-2.354093572686365710e-01 -2.102193603181379822e-01
-9.701000000000001289e-03 2.115792309565819873e-02
-1.151257387086803280e-01 -2.874040421636559484e-01
-1.924060248749970281e-02 -8.824805900450177765e-03
-2.367464714833055206e-01 -2.075494114398210577e-01
-9.316751893010002603e-03 7.713613021085604857e-03
-9.729118154843441335e-02 -2.061582778026587182e-01
-1.116659444629462469e-02 2.980773133733197622e-03
-8.402998849892528987e-02 -2.158127200529565415e-01
-5.689444299869639288e-02 1.636924287545264353e-02
-3.299388737229845825e-01 -3.279775507575078963e-01
-2.960397009999999815e-02 -1.675126190662647521e-02
-4.139901400104573637e-01 -3.531453952335657509e-01
-6.604384554128354956e-02 -2.489871681589450603e-02
-4.315251107693100496e-01 -4.289537879713101742e-01
-4.793465209300999674e-02 -1.678730617560434887e-02
-6.088210862931116019e-01 -4.549372671719993377e-01
-2.327963516278137579e-01 -8.406631436491258935e-02
0.000000000000000000e+00 0.000000000000000000e+00
0.000000000000000000e+00 0.000000000000000000e+00
-5.488211155553940346e-01 -5.779908168849458017e-01
-4.910504910499000064e-02 -4.531713039964804096e-02
-3.986905628185526962e-01 -3.970773580331566355e-01
-6.765314952833910433e-02 -1.831458515935160264e-02
-2.877024807207137491e-01 -3.276642758368493169e-01
5.082750097457486987e-03 -2.123997638716701788e-03
-3.000527510194467840e-01 -2.924446381409048779e-01
-2.601565281501200949e-02 9.664070575020144646e-03
-1.581497922129513622e-01 -2.304450941108702466e-01
-9.423545358219301629e-03 1.942104860251029144e-02
-2.630753371828026821e-01 -2.627535886947812704e-01
-3.863740537207990128e-02 3.017331634400538878e-02
-3.745631728482723410e-01 -3.528471617644305391e-01
-3.035551701983513206e-02 -2.943678851370635369e-02
-3.819862201440060168e-01 -3.052127371269371947e-01
-4.787608596818486439e-02 3.719407323324244643e-03
-3.686266234578441936e-01 -4.022200020107611351e-01
-4.900995009999999791e-02 -4.193966646236187146e-02
-5.320431968286323254e-01 -4.804019227377375745e-01
-1.792493561297302529e-01 -6.617878853363827474e-02
0.000000000000000000e+00 0.000000000000000000e+00
0.000000000000000000e+00 0.000000000000000000e+00
-5.733006478797749716e-01 -5.727158538716258240e-01
-6.802785862780069692e-02 -6.013706311859153691e-02
-3.448148024863375016e-01 -3.502056613026554022e-01
-2.970100000000000171e-02 -2.149705619172943838e-03
-1.052031781537975524e-01 -3.103542124365321064e-01
-1.096471654245820618e-02 -8.252892128270501379e-03
-1.024830037198527083e-01 -2.804364820880742570e-01
-2.045057733567236941e-02 6.295353071062667616e-02
-1.369640738877794250e-01 -1.932815139806450533e-01
-1.960590158605990396e-02 8.201438536502216048e-03
-2.495921857949957162e-02 -2.115564814838851448e-01
-1.817775946075398524e-02 -5.387541029271427327e-04
-4.598329141628326733e-01 -3.590528095445517098e-01
-2.920805762980070025e-02 -2.108555850985624133e-02
-4.406698767863439503e-01 -3.980541836515461007e-01
-5.699612399319552158e-02 -1.402600651752068141e-02
-5.076421046549696170e-01 -4.822037418528714037e-01
-8.751453226978181399e-02 -5.497414261002759456e-02
-6.252300039335226822e-01 -6.423170528271590074e-01
-1.368470349053763913e-01 -5.768636010659673047e-02
0.000000000000000000e+00 0.000000000000000000e+00
0.000000000000000000e+00 0.000000000000000000e+00
-5.755275656056331179e-01 -5.949706678276278637e-01
-4.900995009999999791e-02 -3.785094077496648640e-02
-3.375509706513593611e-01 -3.549182234395770741e-01
-4.417234437694570609e-03 -3.962874186646717090e-02
-1.371093448723320063e-01 -3.298253839996773129e-01
-3.808939934817789918e-02 -2.109473545253906512e-02
-2.474403307404700603e-01 -3.870568949251106949e-01
-4.872273189301000451e-02 -1.229082601691184468e-02
-1.894217485444545102e-01 -2.904822326123318588e-01
-4.713104790871064029e-03 1.268604553776250636e-02
-1.409284480438618148e-01 -2.142060291401047811e-01
-2.263932418671956923e-02 -1.574564928162183394e-02
-4.151785738864785524e-01 -2.606495966882455551e-01
-4.852867209301000434e-02 -4.816888339133350988e-02
-4.778286868395822951e-01 -4.973607211174397857e-01
-6.717948059161073238e-02 -4.709273748783099345e-02
-4.727810727629949139e-01 -4.375913141558065989e-01
-6.529554356632252810e-02 -5.504425803241243947e-02
-6.083894621378950207e-01 -5.270974702467483564e-01
-2.341083632055994956e-01 -2.325570550435910044e-01
0.000000000000000000e+00 0.000000000000000000e+00
0.000000000000000000e+00 0.000000000000000000e+00
-6.015850259444233128e-01 -6.102590716571980600e-01
-8.443650282296211174e-02 -7.845413315983675029e-02
-2.254424747008002272e-01 -3.103153946477442693e-01
-4.862954447407990405e-02 1.033576486344204431e-02
-1.546563850027901921e-01 -3.015935361917236879e-01
-2.804188752131784451e-02 -1.530058697635083842e-02
-4.718813964450632031e-02 -2.706177268772566036e-01
-1.990067611948666618e-02 -3.389754313494755793e-03
-1.373348292548780616e-02 -2.644131058912301824e-01
-1.696614541592438019e-02 7.899761623686456583e-03
3.142296922513570373e-02 -2.526914774300997313e-01
-1.912655447407990428e-02 1.758166836968762248e-02
-7.210773803939010684e-02 -2.032806298500284825e-01
-3.025746174815544670e-02 1.983066135696395088e-02
-2.783749793564345154e-01 -3.445984005775091785e-01
-2.640726828217185643e-02 -2.563261092199765542e-02
-3.551802199378553127e-01 -4.027418927711874375e-01
-6.623693504228354845e-02 -4.067033558914217445e-02
-4.786143675955920052e-01 -6.003687067906119390e-01
-1.738625772882297915e-01 -1.764339050633103034e-01
0.000000000000000000e+00 0.000000000000000000e+00
0.000000000000000000e+00 0.000000000000000000e+00
-3.658078960583877048e-01 -4.038916085416299762e-01
-7.687679241635909932e-02 -5.243795615653618070e-02
1.609529212561605083e-01 -3.035548875965118354e-01
-2.913961725374100697e-02 -9.984819623823535176e-03
1.175263807591953730e-01 -3.336011613118131103e-01
-2.226438836132071941e-02 -1.082093862417362294e-02
1.415714991346392337e-01 -3.077201058662377142e-01
1.519007892371110890e-01 1.554969726834422306e-04
3.251911887613006535e-01 -2.232576438658798734e-01
9.812094213975765256e-02 5.074589952087418462e-03
2.808376003492111250e-01 -2.631472271649275552e-01
1.694614947590259157e-01 9.097728036167243917e-03
4.499418874596353701e-01 -3.824300781282293227e-01
2.769308808123538967e-01 1.285731133832449316e-02
1.634640718734519382e-01 -2.366307924701727683e-01
1.155565852667873872e-01 -6.521410813458505470e-03
-6.652663955045076682e-02 -2.551587257872693359e-01
-3.261024772330736038e-02 -8.637445620704679167e-03
-2.391351973003519316e-01 -6.668565060266687938e-01
-2.170489316940893421e-01 -2.105414847957713664e-01
0.000000000000000000e+00 0.000000000000000000e+00
0.000000000000000000e+00 0.000000000000000000e+00
-9.209216402655883565e-03 -4.102693324215968551e-01
-6.476018538697875249e-02 -6.421720425993641956e-02
2.889224453378910762e-01 -2.721803968878068747e-01
1.101971950397781369e-01 1.192772445304830613e-02
3.640289976718993348e-01 -2.986623724178205097e-01
1.895296813277087822e-01 7.589325650347065327e-03
4.221514771822204581e-01 -3.556115820527325777e-01
-1.000294039900000154e-02 5.829853115057959806e-02
4.048002612638414988e-01 -3.105747165210199223e-01
2.695490778175871904e-01 5.292678967761504059e-03
3.703710692353758827e-01 -3.647029763086641618e-01
1.995226437258180718e-01 4.043081843490984109e-03
6.390529505402172683e-01 -3.264097473378935188e-01
2.721228777282614919e-01 5.882745395802451566e-03
5.730049959554319727e-01 -3.756684515967911864e-01
3.165211865226819632e-01 2.448947152455289641e-03
1.818417735061373663e-01 -2.971985256356481919e-01
1.153948336309142952e-01 -4.981008841324690781e-04
-5.908492250059317608e-02 -7.149647686440965266e-01
-2.343311501783649706e-02 -5.658993195202728643e-02
0.000000000000000000e+00 0.000000000000000000e+00
0.000000000000000000e+00 0.000000000000000000e+00
1.653641756162583520e-01 -5.329025072988772260e-01
8.997332564952445488e-02 -6.659111090143061962e-04
6.164861235069357681e-01 -4.398684962421848255e-01
4.303015757237766969e-01 1.357209046580557313e-02
5.547873735982655763e-01 -4.604800952435251227e-01
2.869095188580919054e-01 9.470187768633255704e-03
6.237667077702105933e-01 -4.572878178072081190e-01
3.743955983969874390e-01 2.409255001510141742e-02
5.608196308929039864e-01 -4.675159234738655023e-01
3.009435619515360427e-01 5.204491966521070968e-03
6.950106986084049199e-01 -4.585863543874321713e-01
3.981109244742993547e-01 3.424697787318235331e-03
7.661995181728595838e-01 -5.273573831346227703e-01
4.144840547076563131e-01 2.584096742077892500e-02
7.773742142198586391e-01 -5.208618222625023275e-01
4.100698181672945974e-01 1.475808948131352230e-02
6.807517951078244645e-01 -4.042729354777961359e-01
4.057599411188622662e-01 -2.497663642827721402e-04
4.217403691235270813e-01 -8.539292506446511943e-01
4.471161182444638449e-01 -5.726857800124202091e-02
0.000000000000000000e+00 0.000000000000000000e+00
0.000000000000000000e+00 0.000000000000000000e+00
5.191857690038064188e-01 -2.452807127963672895e-01
7.871475767862033956e-01 -3.387075512008131013e-03
6.079088525129013876e-01 -2.299568541948447120e-01
1.222943250120684944e+00 1.658826674624404307e-02
5.849619826686038859e-01 -2.221786406008532389e-01
1.167530176619498539e+00 1.849042442017770349e-02
5.308985687136591469e-01 -2.299568541948447120e-01
1.252855802529719398e+00 2.338587896153830961e-02
5.575306455078740120e-01 -1.902721317787414435e-01
1.197467853780768143e+00 3.520683876279261104e-02
5.997452200021143875e-01 -2.143218591927810446e-01
1.223444624008201975e+00 2.009237842437762087e-02
7.694812824358803205e-01 -2.602996266117195701e-01
1.214030091049939752e+00 2.715107095483900237e-02
7.110160558488319849e-01 -2.894467727277076352e-01
1.229925831790970259e+00 2.960570724432379230e-02
7.250589106576464937e-01 -2.528279056684036297e-01
1.206365448013990926e+00 4.883296418620808668e-03
8.821476537599384216e-01 -7.319532830831257941e-01
1.308824132737467894e+00 2.448402695672785567e-02
0.000000000000000000e+00 0.000000000000000000e+00
0.000000000000000000e+00 0.000000000000000000e+00
0.000000000000000000e+00 0.000000000000000000e+00
0.000000000000000000e+00 0.000000000000000000e+00
0.000000000000000000e+00 0.000000000000000000e+00
0.000000000000000000e+00 0.000000000000000000e+00
0.000000000000000000e+00 0.000000000000000000e+00
0.000000000000000000e+00 0.000000000000000000e+00
0.000000000000000000e+00 0.000000000000000000e+00
0.000000000000000000e+00 0.000000000000000000e+00
0.000000000000000000e+00 0.000000000000000000e+00
0.000000000000000000e+00 0.000000000000000000e+00
0.000000000000000000e+00 0.000000000000000000e+00
0.000000000000000000e+00 0.000000000000000000e+00
0.000000000000000000e+00 0.000000000000000000e+00
0.000000000000000000e+00 0.000000000000000000e+00
0.000000000000000000e+00 0.000000000000000000e+00
0.000000000000000000e+00 0.000000000000000000e+00
0.000000000000000000e+00 0.000000000000000000e+00
0.000000000000000000e+00 0.000000000000000000e+00
0.000000000000000000e+00 0.000000000000000000e+00
0.000000000000000000e+00 0.000000000000000000e+00
0.000000000000000000e+00 0.000000000000000000e+00
0.000000000000000000e+00 0.000000000000000000e+00
0.000000000000000000e+00 0.000000000000000000e+00
0.000000000000000000e+00 0.000000000000000000e+00
0.000000000000000000e+00 0.000000000000000000e+00
0.000000000000000000e+00 0.000000000000000000e+00
0.000000000000000000e+00 0.000000000000000000e+00
0.000000000000000000e+00 0.000000000000000000e+00
0.000000000000000000e+00 0.000000000000000000e+00
0.000000000000000000e+00 0.000000000000000000e+00
0.000000000000000000e+00 0.000000000000000000e+00
0.000000000000000000e+00 0.000000000000000000e+00
0.000000000000000000e+00 0.000000000000000000e+00
0.000000000000000000e+00 0.000000000000000000e+00
0.000000000000000000e+00 0.000000000000000000e+00
0.000000000000000000e+00 0.000000000000000000e+00
0.000000000000000000e+00 0.000000000000000000e+00
0.000000000000000000e+00 0.000000000000000000e+00
0.000000000000000000e+00 0.000000000000000000e+00
0.000000000000000000e+00 0.000000000000000000e+00
0.000000000000000000e+00 0.000000000000000000e+00
0.000000000000000000e+00 0.000000000000000000e+00
0.000000000000000000e+00 0.000000000000000000e+00
0.000000000000000000e+00 0.000000000000000000e+00
0.000000000000000000e+00 0.000000000000000000e+00
0.000000000000000000e+00 0.000000000000000000e+00
0.000000000000000000e+00 0.000000000000000000e+00
0.000000000000000000e+00 0.000000000000000000e+00
0.000000000000000000e+00 0.000000000000000000e+00
0.000000000000000000e+00 0.000000000000000000e+00
0.000000000000000000e+00 0.000000000000000000e+00
0.000000000000000000e+00 0.000000000000000000e+00
0.000000000000000000e+00 0.000000000000000000e+00
0.000000000000000000e+00 0.000000000000000000e+00
0.000000000000000000e+00 0.000000000000000000e+00
0.000000000000000000e+00 0.000000000000000000e+00
0.000000000000000000e+00 0.000000000000000000e+00
0.000000000000000000e+00 0.000000000000000000e+00
0.000000000000000000e+00 0.000000000000000000e+00
0.000000000000000000e+00 0.000000000000000000e+00
0.000000000000000000e+00 0.000000000000000000e+00
0.000000000000000000e+00 0.000000000000000000e+00
0.000000000000000000e+00 0.000000000000000000e+00
0.000000000000000000e+00 0.000000000000000000e+00
0.000000000000000000e+00 0.000000000000000000e+00
0.000000000000000000e+00 0.000000000000000000e+00
0.000000000000000000e+00 0.000000000000000000e+00
0.000000000000000000e+00 0.000000000000000000e+00
0.000000000000000000e+00 0.000000000000000000e+00
0.000000000000000000e+00 0.000000000000000000e+00
0.000000000000000000e+00 0.000000000000000000e+00
0.000000000000000000e+00 0.000000000000000000e+00
0.000000000000000000e+00 0.000000000000000000e+00
0.000000000000000000e+00 0.000000000000000000e+00
0.000000000000000000e+00 0.000000000000000000e+00
0.000000000000000000e+00 0.000000000000000000e+00
0.000000000000000000e+00 0.000000000000000000e+00
0.000000000000000000e+00 0.000000000000000000e+00
0.000000000000000000e+00 0.000000000000000000e+00
0.000000000000000000e+00 0.000000000000000000e+00
0.000000000000000000e+00 0.000000000000000000e+00
0.000000000000000000e+00 0.000000000000000000e+00
0.000000000000000000e+00 0.000000000000000000e+00
0.000000000000000000e+00 0.000000000000000000e+00
0.000000000000000000e+00 0.000000000000000000e+00
0.000000000000000000e+00 0.000000000000000000e+00
0.000000000000000000e+00 0.000000000000000000e+00
0.000000000000000000e+00 0.000000000000000000e+00
0.000000000000000000e+00 0.000000000000000000e+00
0.000000000000000000e+00 0.000000000000000000e+00
0.000000000000000000e+00 0.000000000000000000e+00
0.000000000000000000e+00 0.000000000000000000e+00
0.000000000000000000e+00 0.000000000000000000e+00
0.000000000000000000e+00 0.000000000000000000e+00
0.000000000000000000e+00 0.000000000000000000e+00
0.000000000000000000e+00 0.000000000000000000e+00
0.000000000000000000e+00 0.000000000000000000e+00
0.000000000000000000e+00 0.000000000000000000e+00
0.000000000000000000e+00 0.000000000000000000e+00
0.000000000000000000e+00 0.000000000000000000e+00
0.000000000000000000e+00 0.000000000000000000e+00
0.000000000000000000e+00 0.000000000000000000e+00
0.000000000000000000e+00 0.000000000000000000e+00
0.000000000000000000e+00 0.000000000000000000e+00
0.000000000000000000e+00 0.000000000000000000e+00
0.000000000000000000e+00 0.000000000000000000e+00
0.000000000000000000e+00 0.000000000000000000e+00
0.000000000000000000e+00 0.000000000000000000e+00
0.000000000000000000e+00 0.000000000000000000e+00
0.000000000000000000e+00 0.000000000000000000e+00
0.000000000000000000e+00 0.000000000000000000e+00
0.000000000000000000e+00 0.000000000000000000e+00
0.000000000000000000e+00 0.000000000000000000e+00
0.000000000000000000e+00 0.000000000000000000e+00
0.000000000000000000e+00 0.000000000000000000e+00
0.000000000000000000e+00 0.000000000000000000e+00
0.000000000000000000e+00 0.000000000000000000e+00
0.000000000000000000e+00 0.000000000000000000e+00
0.000000000000000000e+00 0.000000000000000000e+00
0.000000000000000000e+00 0.000000000000000000e+00
0.000000000000000000e+00 0.000000000000000000e+00
0.000000000000000000e+00 0.000000000000000000e+00
0.000000000000000000e+00 0.000000000000000000e+00
0.000000000000000000e+00 0.000000000000000000e+00
0.000000000000000000e+00 0.000000000000000000e+00
0.000000000000000000e+00 0.000000000000000000e+00
0.000000000000000000e+00 0.000000000000000000e+00
0.000000000000000000e+00 0.000000000000000000e+00
0.000000000000000000e+00 0.000000000000000000e+00
0.000000000000000000e+00 0.000000000000000000e+00
0.000000000000000000e+00 0.000000000000000000e+00
0.000000000000000000e+00 0.000000000000000000e+00
0.000000000000000000e+00 0.000000000000000000e+00
0.000000000000000000e+00 0.000000000000000000e+00
0.000000000000000000e+00 0.000000000000000000e+00
0.000000000000000000e+00 0.000000000000000000e+00
0.000000000000000000e+00 0.000000000000000000e+00
0.000000000000000000e+00 0.000000000000000000e+00
0.000000000000000000e+00 0.000000000000000000e+00
0.000000000000000000e+00 0.000000000000000000e+00
0.000000000000000000e+00 0.000000000000000000e+00
0.000000000000000000e+00 0.000000000000000000e+00
0.000000000000000000e+00 0.000000000000000000e+00
0.000000000000000000e+00 0.000000000000000000e+00
0.000000000000000000e+00 0.000000000000000000e+00
0.000000000000000000e+00 0.000000000000000000e+00
0.000000000000000000e+00 0.000000000000000000e+00
0.000000000000000000e+00 0.000000000000000000e+00
0.000000000000000000e+00 0.000000000000000000e+00
0.000000000000000000e+00 0.000000000000000000e+00
0.000000000000000000e+00 0.000000000000000000e+00
0.000000000000000000e+00 0.000000000000000000e+00
0.000000000000000000e+00 0.000000000000000000e+00
0.000000000000000000e+00 0.000000000000000000e+00
0.000000000000000000e+00 0.000000000000000000e+00
0.000000000000000000e+00 0.000000000000000000e+00
0.000000000000000000e+00 0.000000000000000000e+00
0.000000000000000000e+00 0.000000000000000000e+00
0.000000000000000000e+00 0.000000000000000000e+00
0.000000000000000000e+00 0.000000000000000000e+00
0.000000000000000000e+00 0.000000000000000000e+00
0.000000000000000000e+00 0.000000000000000000e+00
0.000000000000000000e+00 0.000000000000000000e+00
0.000000000000000000e+00 0.000000000000000000e+00
0.000000000000000000e+00 0.000000000000000000e+00
0.000000000000000000e+00 0.000000000000000000e+00
0.000000000000000000e+00 0.000000000000000000e+00
0.000000000000000000e+00 0.000000000000000000e+00
0.000000000000000000e+00 0.000000000000000000e+00
0.000000000000000000e+00 0.000000000000000000e+00
0.000000000000000000e+00 0.000000000000000000e+00
0.000000000000000000e+00 0.000000000000000000e+00
0.000000000000000000e+00 0.000000000000000000e+00
0.000000000000000000e+00 0.000000000000000000e+00
0.000000000000000000e+00 0.000000000000000000e+00
0.000000000000000000e+00 0.000000000000000000e+00
0.000000000000000000e+00 0.000000000000000000e+00
0.000000000000000000e+00 0.000000000000000000e+00
0.000000000000000000e+00 0.000000000000000000e+00
0.000000000000000000e+00 0.000000000000000000e+00
0.000000000000000000e+00 0.000000000000000000e+00
0.000000000000000000e+00 0.000000000000000000e+00
0.000000000000000000e+00 0.000000000000000000e+00
0.000000000000000000e+00 0.000000000000000000e+00
0.000000000000000000e+00 0.000000000000000000e+00
0.000000000000000000e+00 0.000000000000000000e+00
0.000000000000000000e+00 0.000000000000000000e+00
0.000000000000000000e+00 0.000000000000000000e+00
0.000000000000000000e+00 0.000000000000000000e+00
0.000000000000000000e+00 0.000000000000000000e+00
0.000000000000000000e+00 0.000000000000000000e+00
0.000000000000000000e+00 0.000000000000000000e+00
0.000000000000000000e+00 0.000000000000000000e+00
0.000000000000000000e+00 0.000000000000000000e+00
0.000000000000000000e+00 0.000000000000000000e+00
0.000000000000000000e+00 0.000000000000000000e+00
0.000000000000000000e+00 0.000000000000000000e+00
0.000000000000000000e+00 0.000000000000000000e+00
0.000000000000000000e+00 0.000000000000000000e+00
0.000000000000000000e+00 0.000000000000000000e+00
0.000000000000000000e+00 0.000000000000000000e+00
0.000000000000000000e+00 0.000000000000000000e+00
0.000000000000000000e+00 0.000000000000000000e+00
0.000000000000000000e+00 0.000000000000000000e+00
0.000000000000000000e+00 0.000000000000000000e+00
0.000000000000000000e+00 0.000000000000000000e+00
0.000000000000000000e+00 0.000000000000000000e+00
0.000000000000000000e+00 0.000000000000000000e+00
0.000000000000000000e+00 0.000000000000000000e+00
0.000000000000000000e+00 0.000000000000000000e+00
0.000000000000000000e+00 0.000000000000000000e+00
0.000000000000000000e+00 0.000000000000000000e+00
0.000000000000000000e+00 0.000000000000000000e+00
0.000000000000000000e+00 0.000000000000000000e+00
0.000000000000000000e+00 0.000000000000000000e+00
0.000000000000000000e+00 0.000000000000000000e+00
0.000000000000000000e+00 0.000000000000000000e+00
0.000000000000000000e+00 0.000000000000000000e+00
0.000000000000000000e+00 0.000000000000000000e+00
0.000000000000000000e+00 0.000000000000000000e+00
0.000000000000000000e+00 0.000000000000000000e+00
0.000000000000000000e+00 0.000000000000000000e+00
