0.000000000000000000e+00 0.000000000000000000e+00
0.000000000000000000e+00 0.000000000000000000e+00
0.000000000000000000e+00 0.000000000000000000e+00
0.000000000000000000e+00 0.000000000000000000e+00
0.000000000000000000e+00 0.000000000000000000e+00
0.000000000000000000e+00 0.000000000000000000e+00
0.000000000000000000e+00 0.000000000000000000e+00
0.000000000000000000e+00 0.000000000000000000e+00
0.000000000000000000e+00 0.000000000000000000e+00
0.000000000000000000e+00 0.000000000000000000e+00
0.000000000000000000e+00 0.000000000000000000e+00
0.000000000000000000e+00 0.000000000000000000e+00
0.000000000000000000e+00 0.000000000000000000e+00
0.000000000000000000e+00 0.000000000000000000e+00
0.000000000000000000e+00 0.000000000000000000e+00
0.000000000000000000e+00 0.000000000000000000e+00
0.000000000000000000e+00 0.000000000000000000e+00
0.000000000000000000e+00 0.000000000000000000e+00
0.000000000000000000e+00 0.000000000000000000e+00
0.000000000000000000e+00 0.000000000000000000e+00
0.000000000000000000e+00 0.000000000000000000e+00
0.000000000000000000e+00 0.000000000000000000e+00
0.000000000000000000e+00 0.000000000000000000e+00
0.000000000000000000e+00 0.000000000000000000e+00
0.000000000000000000e+00 0.000000000000000000e+00
0.000000000000000000e+00 0.000000000000000000e+00
0.000000000000000000e+00 0.000000000000000000e+00
0.000000000000000000e+00 0.000000000000000000e+00
0.000000000000000000e+00 0.000000000000000000e+00
0.000000000000000000e+00 0.000000000000000000e+00
0.000000000000000000e+00 0.000000000000000000e+00
0.000000000000000000e+00 0.000000000000000000e+00
0.000000000000000000e+00 0.000000000000000000e+00
0.000000000000000000e+00 0.000000000000000000e+00
0.000000000000000000e+00 0.000000000000000000e+00
0.000000000000000000e+00 0.000000000000000000e+00
0.000000000000000000e+00 0.000000000000000000e+00
0.000000000000000000e+00 0.000000000000000000e+00
0.000000000000000000e+00 0.000000000000000000e+00
0.000000000000000000e+00 0.000000000000000000e+00
0.000000000000000000e+00 0.000000000000000000e+00
0.000000000000000000e+00 0.000000000000000000e+00
0.000000000000000000e+00 0.000000000000000000e+00
0.000000000000000000e+00 0.000000000000000000e+00
0.000000000000000000e+00 0.000000000000000000e+00
0.000000000000000000e+00 0.000000000000000000e+00
0.000000000000000000e+00 0.000000000000000000e+00
0.000000000000000000e+00 0.000000000000000000e+00
0.000000000000000000e+00 0.000000000000000000e+00
0.000000000000000000e+00 0.000000000000000000e+00
0.000000000000000000e+00 0.000000000000000000e+00
0.000000000000000000e+00 0.000000000000000000e+00
0.000000000000000000e+00 0.000000000000000000e+00
0.000000000000000000e+00 0.000000000000000000e+00
0.000000000000000000e+00 0.000000000000000000e+00
0.000000000000000000e+00 0.000000000000000000e+00
0.000000000000000000e+00 0.000000000000000000e+00
0.000000000000000000e+00 0.000000000000000000e+00
0.000000000000000000e+00 0.000000000000000000e+00
0.000000000000000000e+00 0.000000000000000000e+00
0.000000000000000000e+00 0.000000000000000000e+00
0.000000000000000000e+00 0.000000000000000000e+00
0.000000000000000000e+00 0.000000000000000000e+00
0.000000000000000000e+00 0.000000000000000000e+00
0.000000000000000000e+00 0.000000000000000000e+00
0.000000000000000000e+00 0.000000000000000000e+00
0.000000000000000000e+00 0.000000000000000000e+00
0.000000000000000000e+00 0.000000000000000000e+00
0.000000000000000000e+00 0.000000000000000000e+00
0.000000000000000000e+00 0.000000000000000000e+00
0.000000000000000000e+00 0.000000000000000000e+00
0.000000000000000000e+00 0.000000000000000000e+00
0.000000000000000000e+00 0.000000000000000000e+00
0.000000000000000000e+00 0.000000000000000000e+00
0.000000000000000000e+00 0.000000000000000000e+00
0.000000000000000000e+00 0.000000000000000000e+00
0.000000000000000000e+00 0.000000000000000000e+00
0.000000000000000000e+00 0.000000000000000000e+00
0.000000000000000000e+00 0.000000000000000000e+00
0.000000000000000000e+00 0.000000000000000000e+00
0.000000000000000000e+00 0.000000000000000000e+00
0.000000000000000000e+00 0.000000000000000000e+00
0.000000000000000000e+00 0.000000000000000000e+00
0.000000000000000000e+00 0.000000000000000000e+00
0.000000000000000000e+00 0.000000000000000000e+00
0.000000000000000000e+00 0.000000000000000000e+00
0.000000000000000000e+00 0.000000000000000000e+00
0.000000000000000000e+00 0.000000000000000000e+00
0.000000000000000000e+00 0.000000000000000000e+00
0.000000000000000000e+00 0.000000000000000000e+00
-6.793465209301000063e-02 -6.025748026732388740e-02
0.000000000000000000e+00 0.000000000000000000e+00
-1.950793039899999942e-02 -1.182454533727645037e-02
0.000000000000000000e+00 0.000000000000000000e+00
-1.998439562592009902e-02 -2.039478238789806802e-02
0.000000000000000000e+00 0.000000000000000000e+00
-1.922358437407990089e-02 -1.370704666017297062e-02
0.000000000000000000e+00 0.000000000000000000e+00
-3.940398999999999985e-02 -1.181504174939885729e-02
0.000000000000000000e+00 0.000000000000000000e+00
-1.331169470949775634e-02 -3.628195836954541554e-03
0.000000000000000000e+00 0.000000000000000000e+00
-5.851985059900000063e-02 -1.035319777151394970e-02
0.000000000000000000e+00 0.000000000000000000e+00
-2.931285109501000075e-02 -1.721279228227671348e-02
0.000000000000000000e+00 0.000000000000000000e+00
-6.654181796280078665e-02 -5.791684194316053247e-02
0.000000000000000000e+00 0.000000000000000000e+00
-1.999904662580164472e-01 -1.914168355712848602e-01
0.000000000000000000e+00 0.000000000000000000e+00
0.000000000000000000e+00 0.000000000000000000e+00
0.000000000000000000e+00 0.000000000000000000e+00
-1.801355231697427672e-01 -1.784160303693286265e-01
0.000000000000000000e+00 0.000000000000000000e+00
-6.370390995793115407e-02 -5.443880140582030291e-02
0.000000000000000000e+00 0.000000000000000000e+00
-4.474770171071211500e-02 -3.344587212031493312e-02
0.000000000000000000e+00 0.000000000000000000e+00
-4.905596449667697090e-02 -2.513990186106809105e-02
0.000000000000000000e+00 0.000000000000000000e+00
6.470345669121466137e-02 -3.812024861903422993e-03
0.000000000000000000e+00 0.000000000000000000e+00
-2.805281129079667535e-02 -1.909057292696790444e-03
0.000000000000000000e+00 0.000000000000000000e+00
-1.355533348566678731e-01 -1.270109187006194518e-01
0.000000000000000000e+00 0.000000000000000000e+00
-6.059665463536297730e-02 -5.652163264243934698e-02
0.000000000000000000e+00 0.000000000000000000e+00
-1.110351582209145038e-01 -1.102776381626471985e-01
0.000000000000000000e+00 0.000000000000000000e+00
-3.321754222521020039e-01 -2.869487819476634893e-01
0.000000000000000000e+00 0.000000000000000000e+00
0.000000000000000000e+00 0.000000000000000000e+00
0.000000000000000000e+00 0.000000000000000000e+00
-1.959581388569397453e-01 -1.957619406957108454e-01
0.000000000000000000e+00 0.000000000000000000e+00
-4.908634192773542876e-02 -4.951777144424645422e-02
0.000000000000000000e+00 0.000000000000000000e+00
-7.180086917091682563e-02 -6.259690590786483322e-02
0.000000000000000000e+00 0.000000000000000000e+00
-5.723765390666665787e-02 -4.237315948334997862e-02
0.000000000000000000e+00 0.000000000000000000e+00
-4.642616275326356956e-02 -2.605574225839761213e-02
0.000000000000000000e+00 0.000000000000000000e+00
-7.490743902902159690e-02 3.566394404074052938e-03
0.000000000000000000e+00 0.000000000000000000e+00
-1.169765613031047286e-01 -9.817390664595161687e-02
0.000000000000000000e+00 0.000000000000000000e+00
-1.491781407170235663e-01 -1.479008898148168605e-01
0.000000000000000000e+00 0.000000000000000000e+00
-1.346853734622517340e-01 -1.349711802921076953e-01
0.000000000000000000e+00 0.000000000000000000e+00
-3.751722178529681151e-01 -3.680898402331542751e-01
0.000000000000000000e+00 0.000000000000000000e+00
0.000000000000000000e+00 0.000000000000000000e+00
0.000000000000000000e+00 0.000000000000000000e+00
-3.411053606275788463e-01 -3.335264111541874077e-01
0.000000000000000000e+00 0.000000000000000000e+00
-8.567155312045000859e-02 -8.331472628440798889e-02
0.000000000000000000e+00 0.000000000000000000e+00
-7.667273338489975776e-02 -6.791394048494396596e-02
0.000000000000000000e+00 0.000000000000000000e+00
-5.229742029234776129e-02 -2.869194501765564426e-02
0.000000000000000000e+00 0.000000000000000000e+00
-4.543702770519797429e-02 -1.953174478474192441e-02
0.000000000000000000e+00 0.000000000000000000e+00
-2.912431857087696002e-02 1.337173002645727915e-02
0.000000000000000000e+00 0.000000000000000000e+00
-1.018237581869368552e-01 -9.504439024968008853e-02
0.000000000000000000e+00 0.000000000000000000e+00
-1.536806922111838281e-01 -1.411217732310261486e-01
0.000000000000000000e+00 0.000000000000000000e+00
-1.898024598987644307e-01 -1.844175881599557920e-01
0.000000000000000000e+00 0.000000000000000000e+00
-4.977179655157261684e-01 -3.330547370556137254e-01
0.000000000000000000e+00 0.000000000000000000e+00
0.000000000000000000e+00 0.000000000000000000e+00
0.000000000000000000e+00 0.000000000000000000e+00
-3.260266513088634355e-01 -3.166033968752148264e-01
0.000000000000000000e+00 0.000000000000000000e+00
-1.084288485653478462e-01 -5.638357681827717294e-02
0.000000000000000000e+00 0.000000000000000000e+00
-5.769795154914114654e-02 -1.674222277138732659e-02
0.000000000000000000e+00 0.000000000000000000e+00
-7.021762369693845818e-02 1.142712887287575772e-02
0.000000000000000000e+00 0.000000000000000000e+00
-7.695979523949333934e-02 4.820956904436413115e-02
0.000000000000000000e+00 0.000000000000000000e+00
-1.105072231261407106e-01 6.325166254994160631e-02
0.000000000000000000e+00 0.000000000000000000e+00
-2.063452009209875149e-01 1.603061166326853054e-02
0.000000000000000000e+00 0.000000000000000000e+00
-9.670829405183287153e-02 -4.035341267567271045e-02
0.000000000000000000e+00 0.000000000000000000e+00
-1.906927627539196368e-01 -1.680431312956284506e-01
0.000000000000000000e+00 0.000000000000000000e+00
-5.121542359086673768e-01 -2.758311320308990400e-01
0.000000000000000000e+00 0.000000000000000000e+00
0.000000000000000000e+00 0.000000000000000000e+00
0.000000000000000000e+00 0.000000000000000000e+00
-2.886500725782804588e-01 -2.685542055360835012e-01
0.000000000000000000e+00 0.000000000000000000e+00
-1.017658524258913538e-01 4.365680449444503397e-02
0.000000000000000000e+00 0.000000000000000000e+00
-1.108233725795308190e-02 8.546403566673774210e-02
0.000000000000000000e+00 0.000000000000000000e+00
-1.544337459028482518e-01 1.059520229776814843e-01
0.000000000000000000e+00 0.000000000000000000e+00
-8.614688215667151705e-02 1.121849446771369802e-01
0.000000000000000000e+00 0.000000000000000000e+00
-2.400089679001200099e-02 1.403782361310624005e-01
0.000000000000000000e+00 0.000000000000000000e+00
-1.957166651443680849e-01 1.400413397580639041e-01
0.000000000000000000e+00 0.000000000000000000e+00
-1.140685056537407982e-01 8.951025572402729336e-02
0.000000000000000000e+00 0.000000000000000000e+00
-1.575173156221813808e-01 -5.322611163288212127e-02
0.000000000000000000e+00 0.000000000000000000e+00
-5.057198318007881666e-01 -1.729930825367679559e-01
0.000000000000000000e+00 0.000000000000000000e+00
0.000000000000000000e+00 0.000000000000000000e+00
0.000000000000000000e+00 0.000000000000000000e+00
-3.278399643617327386e-01 -2.393309191841978822e-01
0.000000000000000000e+00 0.000000000000000000e+00
-1.614721325301896326e-01 2.025489407662111330e-01
0.000000000000000000e+00 0.000000000000000000e+00
-1.300928738012770147e-01 2.714813441208284162e-01
0.000000000000000000e+00 0.000000000000000000e+00
-8.580318475462424266e-02 2.455493609139352551e-01
0.000000000000000000e+00 0.000000000000000000e+00
5.911146284964725883e-02 1.837203580188721541e-01
0.000000000000000000e+00 0.000000000000000000e+00
6.987687820544057418e-03 3.512610846260134090e-01
0.000000000000000000e+00 0.000000000000000000e+00
-2.494624631825939354e-01 2.442818158282241137e-01
0.000000000000000000e+00 0.000000000000000000e+00
-2.137586218871438404e-01 2.401276691604943281e-01
0.000000000000000000e+00 0.000000000000000000e+00
-3.027362331017136032e-01 1.615972172986458733e-01
0.000000000000000000e+00 0.000000000000000000e+00
-4.940979483551338758e-01 1.249303694255258709e-02
0.000000000000000000e+00 0.000000000000000000e+00
0.000000000000000000e+00 0.000000000000000000e+00
0.000000000000000000e+00 0.000000000000000000e+00
-3.904499229426010021e-01 -1.317942389190726316e-01
0.000000000000000000e+00 0.000000000000000000e+00
-1.361607989257007656e-01 2.039403614040253554e-01
0.000000000000000000e+00 0.000000000000000000e+00
-1.695835428681444212e-01 1.625271380353561779e-01
0.000000000000000000e+00 0.000000000000000000e+00
6.555847079998637986e-03 2.255052973502185976e-01
0.000000000000000000e+00 0.000000000000000000e+00
-7.287806575137999177e-02 2.369648739468754317e-01
0.000000000000000000e+00 0.000000000000000000e+00
-8.621007835539921949e-02 2.600407999954105764e-01
0.000000000000000000e+00 0.000000000000000000e+00
-2.097626983645724530e-01 2.550666568713796378e-01
0.000000000000000000e+00 0.000000000000000000e+00
-2.065233257492159746e-01 2.361173692061090401e-01
0.000000000000000000e+00 0.000000000000000000e+00
-2.652690965831223102e-01 1.590563093519055116e-01
0.000000000000000000e+00 0.000000000000000000e+00
-5.037639477871924676e-01 3.298897241830604093e-02
0.000000000000000000e+00 0.000000000000000000e+00
0.000000000000000000e+00 0.000000000000000000e+00
0.000000000000000000e+00 0.000000000000000000e+00
-5.755716296354762562e-01 -5.066811884129327481e-01
-3.940398999999999985e-02 -2.752188459342683538e-02
-2.719238052573826336e-01 -2.358779686171362799e-01
-1.989617605550269425e-02 2.844422357973823076e-02
-2.650946368757174931e-01 -1.361837224160673543e-01
-2.027088515496428683e-02 6.581673257377942433e-03
-1.886718266031355007e-01 -3.479355940514115009e-01
-1.999801000000000009e-02 1.205673305586045171e-02
-2.068168654852960975e-01 -2.536511560207596050e-01
-1.990000000000000102e-02 4.232640049326272941e-02
-3.655978134922888839e-02 -2.303480307953516271e-01
-9.603970099999999468e-03 1.436224014617951822e-02
-3.191887178351205945e-01 -1.947115319481849960e-01
-3.871985059900000248e-02 1.937205463553757709e-02
-4.278381553934774706e-01 -3.487681487440171813e-01
-2.970100000000000171e-02 -1.213965462950089211e-02
-4.293347409368337142e-01 -4.086426853664997805e-01
-1.960399000000000169e-02 -1.041466925151417026e-02
-5.756155701493886889e-01 -3.378056106248248369e-01
-1.080228295797120569e-01 -3.173010180533910457e-02
0.000000000000000000e+00 0.000000000000000000e+00
0.000000000000000000e+00 0.000000000000000000e+00
-6.571063617995476225e-01 -6.056754612872313759e-01
-1.045722119158576657e-01 -8.100851718058166284e-02
-4.499423220747295615e-01 -3.093098759748573179e-01
-4.675317316631381198e-02 1.990710887669234694e-02
-2.402240899845059507e-01 -3.307322916606200147e-01
-7.927041498495455973e-02 1.613625912899421463e-02
-3.306145740709025560e-01 -3.049008841147178850e-01
-2.906806468223978313e-03 2.138849401788516305e-02
-1.703367406358697600e-01 -2.381449429046671729e-01
-5.662492809652301673e-02 7.525984519768239012e-02
-6.674151409567694038e-02 -1.698148600033319022e-01
-2.787608596818486745e-02 7.395551408726579179e-02
-3.865525089160459227e-01 -3.395665693366342053e-01
-9.271109403707629426e-02 4.079614166995199770e-02
-4.527284295790268698e-01 -3.633426464639291087e-01
-1.104611232033746449e-01 2.389371684017708736e-03
-4.674692761273658848e-01 -4.530028934070293722e-01
-4.586845638272333409e-02 -1.234075231675663131e-02
-5.117495077939043790e-01 -4.674663254110180133e-01
-1.754845040601843154e-01 -4.302642082021256031e-02
0.000000000000000000e+00 0.000000000000000000e+00
0.000000000000000000e+00 0.000000000000000000e+00
-6.689359075340495231e-01 -5.998275583307220993e-01
-1.189156184081763129e-01 -1.127926137202764911e-01
-4.388149611047278409e-01 -4.426279790883475562e-01
-6.495061512386432478e-02 2.566593260205851310e-02
-2.734119525213412616e-01 -3.659930349912020042e-01
-3.905675590962283394e-02 9.268291186645065405e-03
-1.610332701505136632e-01 -3.145215849159685995e-01
-6.551574707769068640e-02 5.396051544096694581e-03
-1.919678520881671901e-01 -3.089614690379175466e-01
1.000364179595895735e-02 1.054163080217043608e-01
-4.563349720956939859e-02 -2.850010342712499534e-01
-6.854300719622279103e-03 2.219164003511596775e-02
-5.385836297207734491e-01 -4.744329839839909191e-01
-5.645527619817454490e-02 -5.398235403555161349e-02
-5.127386679109687817e-01 -3.311393047314113991e-01
-1.325930761126148383e-02 2.455463229375721285e-03
-5.756842788956394452e-01 -5.238370142622321701e-01
-6.094232395548018766e-02 -3.447668625499322043e-02
-5.779176804829734282e-01 -5.143219380352920256e-01
-2.387192451917056757e-01 -5.056123478564454599e-02
0.000000000000000000e+00 0.000000000000000000e+00
0.000000000000000000e+00 0.000000000000000000e+00
-7.227133776665860543e-01 -6.267878366583622407e-01
-1.297944319315965378e-01 -1.251565652152869246e-01
-3.853514858237990226e-01 -4.222554967623444178e-01
-2.674443091785768528e-02 1.419225785381778536e-02
-2.727760189191263951e-01 -4.101109240536268130e-01
-1.020024123651075421e-01 2.007735392835117635e-02
-2.113095266358649138e-01 -3.103462172444603762e-01
-5.586870179369880784e-02 4.182626008422408309e-02
-6.788357051526881791e-02 -2.730916252397975197e-01
-1.409419701835452204e-02 8.615884709154503218e-02
-1.925603519976440137e-01 -3.845513921330284690e-01
-1.117798882451450093e-01 6.132352162277257546e-02
-4.802479938552917105e-01 -4.517745440317038619e-01
-9.556744917949058782e-02 -3.099315565745648648e-02
-4.567285333383540036e-01 -3.264384884885073168e-01
-1.097262463065982324e-01 -5.346418042837636914e-02
-4.599668643190293893e-01 -4.863295417912080754e-01
-6.401584152399328320e-02 7.433162071562494748e-03
-6.684085670894928111e-01 -5.430002102748129333e-01
-2.341893560459812895e-01 -2.072786459428812567e-01
0.000000000000000000e+00 0.000000000000000000e+00
0.000000000000000000e+00 0.000000000000000000e+00
-7.419292769822273259e-01 -6.636574158896573206e-01
-1.902721317787414435e-01 -1.882468492583533881e-01
-2.535587528011085667e-01 -3.943727691354693143e-01
-5.550023838690702760e-02 -4.162730356254955993e-04
-2.466129309222695742e-01 -4.419218158711278877e-01
-4.283662851395563659e-02 -6.377679989727986012e-03
-1.884809113382162893e-01 -4.478608087185858566e-01
-1.985420104947970693e-02 2.432149126299886985e-02
-1.691743633436443017e-01 -3.514797783249906105e-01
2.410932098945890723e-04 7.605076153393842964e-02
-1.066420371865058336e-01 -3.749286252276746167e-01
-3.427192801919592274e-03 5.115051043015019644e-02
-5.504118341550990889e-01 -3.970728094223832660e-01
-7.095208459212501428e-02 -7.365067237442268766e-02
-5.052570229605588548e-01 -5.038997580602622151e-01
-1.363806894569138950e-01 -9.079141467563497936e-02
-5.732687515099921249e-01 -4.767416319039717854e-01
-1.176375694905902047e-01 -3.988335810657080843e-02
-7.092307341824163336e-01 -6.033651582417324244e-01
-2.411470248779638559e-01 -2.148772761338754722e-01
0.000000000000000000e+00 0.000000000000000000e+00
0.000000000000000000e+00 0.000000000000000000e+00
-5.396250424229311893e-01 -6.925546066166049508e-01
-1.660639240317403897e-01 -1.635374362387721769e-01
-1.539390569610656345e-01 -4.493967959319711269e-01
-3.736816951463751285e-02 -3.024619389722960072e-02
-1.170151644189441065e-01 -3.038972434198893291e-01
-7.164066720494827178e-02 2.914143467562910206e-02
-7.280869032191630841e-02 -4.087867981346695045e-01
-2.776436811560035328e-02 4.977978406292782494e-03
-6.630269337098666088e-03 -2.956780349079187742e-01
-1.902318602397116282e-02 1.139797508370731828e-02
-4.350727181822559853e-02 -4.346102496744440047e-01
-1.899861278937704095e-02 1.032154163582460205e-01
-1.361502706508157523e-01 -3.458254428364745392e-01
-6.604180859063774056e-02 -1.362550319717028245e-02
-4.542474621904861731e-01 -4.591631872295950934e-01
-9.013792843607154603e-02 -8.099688095439185054e-02
-3.633485051785330655e-01 -4.755761028880357011e-01
-6.833297367877806672e-02 -9.619797796583810789e-02
-6.111793428898421032e-01 -6.032088800608678136e-01
-2.724666460568386794e-01 -1.231289356649730160e-01
0.000000000000000000e+00 0.000000000000000000e+00
0.000000000000000000e+00 0.000000000000000000e+00
-4.363993358530225963e-01 -5.579294435227536431e-01
-1.676952747599812221e-01 -1.633413677363502181e-01
1.864047967975110409e-02 -5.010707016628306310e-01
1.313285855409653258e-01 6.137922295336850761e-04
2.577528928021655119e-01 -5.339139779381238959e-01
1.333240262966619294e-01 2.381559922000682505e-03
-9.111630976986565336e-03 -4.515120706564833553e-01
2.491531124587894608e-01 2.712666431846732021e-02
2.370070054204042875e-01 -3.357357643714311002e-01
1.489564123178210298e-01 1.724300242381088255e-02
3.469549052134146550e-01 -5.347700695224846257e-01
5.327100212490083753e-02 4.324163464578071464e-02
3.304212676907015145e-01 -4.147013235549812937e-01
1.916199340396549933e-01 -1.784807400140309142e-05
1.438872793999457500e-01 -5.286100290601227769e-01
1.119466602469995076e-01 5.417041179454617009e-03
-8.747476345934482311e-02 -4.746489284039241974e-01
-5.827495898936105312e-02 -9.945443325415749547e-02
-2.057796135791411241e-01 -6.342182615408433755e-01
-2.347485087456418762e-01 -2.160733854379116581e-01
0.000000000000000000e+00 0.000000000000000000e+00
0.000000000000000000e+00 0.000000000000000000e+00
-1.727206999946015453e-02 -6.022546336227435626e-01
-2.085472250220165441e-02 -6.404468383371100804e-02
5.034180113421370395e-01 -5.805323772939068316e-01
2.575415116179750052e-01 2.095831369003796352e-02
3.947612331360893512e-01 -4.933172328030979714e-01
2.350893728764261170e-01 1.085723727718451367e-02
3.974504087919881745e-01 -5.493898459129253897e-01
2.492938277442654504e-01 3.163723677493481684e-02
5.440857478615650500e-01 -4.648587037922491394e-01
3.278524296944919092e-01 4.212721325222294061e-02
3.945060518029078755e-01 -4.636484012643484198e-01
3.127308438057997964e-01 1.830008920317674828e-02
6.081703561749102205e-01 -4.754890834229912322e-01
5.112724412413083286e-01 1.862163094885917886e-02
6.254702454049135829e-01 -4.355183863555492918e-01
3.995221719886835610e-01 1.580136680047378173e-02
2.767057361993723319e-01 -5.182656937018687016e-01
2.318911829001155667e-01 -2.330770198770823823e-03
1.532336852763546697e-02 -6.879349526326551389e-01
2.541917390825785411e-02 -1.035414541991458992e-01
0.000000000000000000e+00 0.000000000000000000e+00
0.000000000000000000e+00 0.000000000000000000e+00
1.561440737271162227e-01 -8.049621236859780815e-01
-5.451977053900348980e-02 -5.762486472669218346e-02
6.426449696839352521e-01 -7.143043918349214483e-01
5.571805887853693573e-01 -2.945126734356653779e-03
6.313152450321225517e-01 -6.783406135662595204e-01
5.099507577401682923e-01 3.118939779426959519e-02
6.823888365060322148e-01 -6.774998413268038533e-01
4.818161757015689828e-01 2.180274726099222168e-02
7.394423232716146321e-01 -6.868884549110259030e-01
5.355254708513081940e-01 2.692689884477956347e-02
6.997823880732072510e-01 -7.199172418523536177e-01
4.999945904913539740e-01 4.586079814635268120e-02
7.701807403519954631e-01 -6.615271182266159178e-01
6.014251718531158364e-01 5.991490783517954867e-03
8.932652650459801391e-01 -7.486755514677447820e-01
4.947941899056160220e-01 1.759062010867108033e-02
7.182861165387167679e-01 -7.557565566335356921e-01
5.227812771183520946e-01 -1.083524200984930727e-03
3.643495163039132678e-01 -8.059971646273219603e-01
3.701941977174791898e-01 -5.903857481735567264e-02
0.000000000000000000e+00 0.000000000000000000e+00
0.000000000000000000e+00 0.000000000000000000e+00
6.357226557945132583e-01 -5.246599579942927694e-01
8.703683610622436895e-01 -4.358437446710002050e-02
8.015343974621124135e-01 -4.417338614521360562e-01
1.381747515115749669e+00 4.568728244949080142e-02
8.331446475289180364e-01 -4.188335858818901802e-01
1.363809461104048548e+00 5.550756103829018739e-03
7.929134944036250188e-01 -4.010439935338387385e-01
1.358809609519005202e+00 6.489334396651270931e-02
7.412312862175386430e-01 -3.638145139361287916e-01
1.373223806168752503e+00 1.023526818721714610e-01
7.368076768801511411e-01 -3.701763687967675187e-01
1.380094711614425984e+00 4.234144421382412399e-02
9.103519722861238561e-01 -5.246599579942927694e-01
1.386366143402018247e+00 6.953817249082555607e-02
9.025717035689169165e-01 -5.294133584143498883e-01
1.368095376754912440e+00 -3.219511467681679395e-02
9.227774239078314622e-01 -4.528433576092385504e-01
1.364131730299436684e+00 -2.096009637131445585e-02
8.968165228095379415e-01 -9.429795736456283439e-01
1.282882829195169716e+00 -3.253205756098026535e-02
0.000000000000000000e+00 0.000000000000000000e+00
0.000000000000000000e+00 0.000000000000000000e+00
0.000000000000000000e+00 0.000000000000000000e+00
0.000000000000000000e+00 0.000000000000000000e+00
0.000000000000000000e+00 0.000000000000000000e+00
0.000000000000000000e+00 0.000000000000000000e+00
0.000000000000000000e+00 0.000000000000000000e+00
0.000000000000000000e+00 0.000000000000000000e+00
0.000000000000000000e+00 0.000000000000000000e+00
0.000000000000000000e+00 0.000000000000000000e+00
0.000000000000000000e+00 0.000000000000000000e+00
0.000000000000000000e+00 0.000000000000000000e+00
0.000000000000000000e+00 0.000000000000000000e+00
0.000000000000000000e+00 0.000000000000000000e+00
0.000000000000000000e+00 0.000000000000000000e+00
0.000000000000000000e+00 0.000000000000000000e+00
0.000000000000000000e+00 0.000000000000000000e+00
0.000000000000000000e+00 0.000000000000000000e+00
0.000000000000000000e+00 0.000000000000000000e+00
0.000000000000000000e+00 0.000000000000000000e+00
0.000000000000000000e+00 0.000000000000000000e+00
0.000000000000000000e+00 0.000000000000000000e+00
0.000000000000000000e+00 0.000000000000000000e+00
0.000000000000000000e+00 0.000000000000000000e+00
0.000000000000000000e+00 0.000000000000000000e+00
0.000000000000000000e+00 0.000000000000000000e+00
0.000000000000000000e+00 0.000000000000000000e+00
0.000000000000000000e+00 0.000000000000000000e+00
0.000000000000000000e+00 0.000000000000000000e+00
0.000000000000000000e+00 0.000000000000000000e+00
0.000000000000000000e+00 0.000000000000000000e+00
0.000000000000000000e+00 0.000000000000000000e+00
0.000000000000000000e+00 0.000000000000000000e+00
0.000000000000000000e+00 0.000000000000000000e+00
0.000000000000000000e+00 0.000000000000000000e+00
0.000000000000000000e+00 0.000000000000000000e+00
0.000000000000000000e+00 0.000000000000000000e+00
0.000000000000000000e+00 0.000000000000000000e+00
0.000000000000000000e+00 0.000000000000000000e+00
0.000000000000000000e+00 0.000000000000000000e+00
0.000000000000000000e+00 0.000000000000000000e+00
0.000000000000000000e+00 0.000000000000000000e+00
0.000000000000000000e+00 0.000000000000000000e+00
0.000000000000000000e+00 0.000000000000000000e+00
0.000000000000000000e+00 0.000000000000000000e+00
0.000000000000000000e+00 0.000000000000000000e+00
0.000000000000000000e+00 0.000000000000000000e+00
0.000000000000000000e+00 0.000000000000000000e+00
0.000000000000000000e+00 0.000000000000000000e+00
0.000000000000000000e+00 0.000000000000000000e+00
0.000000000000000000e+00 0.000000000000000000e+00
0.000000000000000000e+00 0.000000000000000000e+00
0.000000000000000000e+00 0.000000000000000000e+00
0.000000000000000000e+00 0.000000000000000000e+00
0.000000000000000000e+00 0.000000000000000000e+00
0.000000000000000000e+00 0.000000000000000000e+00
0.000000000000000000e+00 0.000000000000000000e+00
0.000000000000000000e+00 0.000000000000000000e+00
0.000000000000000000e+00 0.000000000000000000e+00
0.000000000000000000e+00 0.000000000000000000e+00
0.000000000000000000e+00 0.000000000000000000e+00
0.000000000000000000e+00 0.000000000000000000e+00
0.000000000000000000e+00 0.000000000000000000e+00
0.000000000000000000e+00 0.000000000000000000e+00
0.000000000000000000e+00 0.000000000000000000e+00
0.000000000000000000e+00 0.000000000000000000e+00
0.000000000000000000e+00 0.000000000000000000e+00
0.000000000000000000e+00 0.000000000000000000e+00
0.000000000000000000e+00 0.000000000000000000e+00
0.000000000000000000e+00 0.000000000000000000e+00
0.000000000000000000e+00 0.000000000000000000e+00
0.000000000000000000e+00 0.000000000000000000e+00
0.000000000000000000e+00 0.000000000000000000e+00
0.000000000000000000e+00 0.000000000000000000e+00
0.000000000000000000e+00 0.000000000000000000e+00
0.000000000000000000e+00 0.000000000000000000e+00
0.000000000000000000e+00 0.000000000000000000e+00
0.000000000000000000e+00 0.000000000000000000e+00
0.000000000000000000e+00 0.000000000000000000e+00
0.000000000000000000e+00 0.000000000000000000e+00
0.000000000000000000e+00 0.000000000000000000e+00
0.000000000000000000e+00 0.000000000000000000e+00
0.000000000000000000e+00 0.000000000000000000e+00
0.000000000000000000e+00 0.000000000000000000e+00
0.000000000000000000e+00 0.000000000000000000e+00
0.000000000000000000e+00 0.000000000000000000e+00
0.000000000000000000e+00 0.000000000000000000e+00
0.000000000000000000e+00 0.000000000000000000e+00
0.000000000000000000e+00 0.000000000000000000e+00
0.000000000000000000e+00 0.000000000000000000e+00
0.000000000000000000e+00 0.000000000000000000e+00
0.000000000000000000e+00 0.000000000000000000e+00
0.000000000000000000e+00 0.000000000000000000e+00
0.000000000000000000e+00 0.000000000000000000e+00
0.000000000000000000e+00 0.000000000000000000e+00
0.000000000000000000e+00 0.000000000000000000e+00
0.000000000000000000e+00 0.000000000000000000e+00
0.000000000000000000e+00 0.000000000000000000e+00
0.000000000000000000e+00 0.000000000000000000e+00
0.000000000000000000e+00 0.000000000000000000e+00
0.000000000000000000e+00 0.000000000000000000e+00
0.000000000000000000e+00 0.000000000000000000e+00
0.000000000000000000e+00 0.000000000000000000e+00
0.000000000000000000e+00 0.000000000000000000e+00
0.000000000000000000e+00 0.000000000000000000e+00
0.000000000000000000e+00 0.000000000000000000e+00
0.000000000000000000e+00 0.000000000000000000e+00
0.000000000000000000e+00 0.000000000000000000e+00
0.000000000000000000e+00 0.000000000000000000e+00
0.000000000000000000e+00 0.000000000000000000e+00
0.000000000000000000e+00 0.000000000000000000e+00
0.000000000000000000e+00 0.000000000000000000e+00
0.000000000000000000e+00 0.000000000000000000e+00
0.000000000000000000e+00 0.000000000000000000e+00
0.000000000000000000e+00 0.000000000000000000e+00
0.000000000000000000e+00 0.000000000000000000e+00
0.000000000000000000e+00 0.000000000000000000e+00
0.000000000000000000e+00 0.000000000000000000e+00
0.000000000000000000e+00 0.000000000000000000e+00
0.000000000000000000e+00 0.000000000000000000e+00
0.000000000000000000e+00 0.000000000000000000e+00
0.000000000000000000e+00 0.000000000000000000e+00
0.000000000000000000e+00 0.000000000000000000e+00
0.000000000000000000e+00 0.000000000000000000e+00
0.000000000000000000e+00 0.000000000000000000e+00
0.000000000000000000e+00 0.000000000000000000e+00
0.000000000000000000e+00 0.000000000000000000e+00
0.000000000000000000e+00 0.000000000000000000e+00
0.000000000000000000e+00 0.000000000000000000e+00
0.000000000000000000e+00 0.000000000000000000e+00
0.000000000000000000e+00 0.000000000000000000e+00
0.000000000000000000e+00 0.000000000000000000e+00
0.000000000000000000e+00 0.000000000000000000e+00
0.000000000000000000e+00 0.000000000000000000e+00
0.000000000000000000e+00 0.000000000000000000e+00
0.000000000000000000e+00 0.000000000000000000e+00
0.000000000000000000e+00 0.000000000000000000e+00
0.000000000000000000e+00 0.000000000000000000e+00
0.000000000000000000e+00 0.000000000000000000e+00
0.000000000000000000e+00 0.000000000000000000e+00
0.000000000000000000e+00 0.000000000000000000e+00
0.000000000000000000e+00 0.000000000000000000e+00
0.000000000000000000e+00 0.000000000000000000e+00
0.000000000000000000e+00 0.000000000000000000e+00
0.000000000000000000e+00 0.000000000000000000e+00
0.000000000000000000e+00 0.000000000000000000e+00
0.000000000000000000e+00 0.000000000000000000e+00
0.000000000000000000e+00 0.000000000000000000e+00
0.000000000000000000e+00 0.000000000000000000e+00
0.000000000000000000e+00 0.000000000000000000e+00
0.000000000000000000e+00 0.000000000000000000e+00
0.000000000000000000e+00 0.000000000000000000e+00
0.000000000000000000e+00 0.000000000000000000e+00
0.000000000000000000e+00 0.000000000000000000e+00
0.000000000000000000e+00 0.000000000000000000e+00
0.000000000000000000e+00 0.000000000000000000e+00
0.000000000000000000e+00 0.000000000000000000e+00
0.000000000000000000e+00 0.000000000000000000e+00
0.000000000000000000e+00 0.000000000000000000e+00
0.000000000000000000e+00 0.000000000000000000e+00
0.000000000000000000e+00 0.000000000000000000e+00
0.000000000000000000e+00 0.000000000000000000e+00
0.000000000000000000e+00 0.000000000000000000e+00
0.000000000000000000e+00 0.000000000000000000e+00
0.000000000000000000e+00 0.000000000000000000e+00
0.000000000000000000e+00 0.000000000000000000e+00
0.000000000000000000e+00 0.000000000000000000e+00
0.000000000000000000e+00 0.000000000000000000e+00
0.000000000000000000e+00 0.000000000000000000e+00
0.000000000000000000e+00 0.000000000000000000e+00
0.000000000000000000e+00 0.000000000000000000e+00
0.000000000000000000e+00 0.000000000000000000e+00
0.000000000000000000e+00 0.000000000000000000e+00
0.000000000000000000e+00 0.000000000000000000e+00
0.000000000000000000e+00 0.000000000000000000e+00
0.000000000000000000e+00 0.000000000000000000e+00
0.000000000000000000e+00 0.000000000000000000e+00
0.000000000000000000e+00 0.000000000000000000e+00
0.000000000000000000e+00 0.000000000000000000e+00
0.000000000000000000e+00 0.000000000000000000e+00
0.000000000000000000e+00 0.000000000000000000e+00
0.000000000000000000e+00 0.000000000000000000e+00
0.000000000000000000e+00 0.000000000000000000e+00
0.000000000000000000e+00 0.000000000000000000e+00
0.000000000000000000e+00 0.000000000000000000e+00
0.000000000000000000e+00 0.000000000000000000e+00
0.000000000000000000e+00 0.000000000000000000e+00
0.000000000000000000e+00 0.000000000000000000e+00
0.000000000000000000e+00 0.000000000000000000e+00
0.000000000000000000e+00 0.000000000000000000e+00
0.000000000000000000e+00 0.000000000000000000e+00
0.000000000000000000e+00 0.000000000000000000e+00
0.000000000000000000e+00 0.000000000000000000e+00
0.000000000000000000e+00 0.000000000000000000e+00
0.000000000000000000e+00 0.000000000000000000e+00
0.000000000000000000e+00 0.000000000000000000e+00
0.000000000000000000e+00 0.000000000000000000e+00
0.000000000000000000e+00 0.000000000000000000e+00
0.000000000000000000e+00 0.000000000000000000e+00
0.000000000000000000e+00 0.000000000000000000e+00
0.000000000000000000e+00 0.000000000000000000e+00
0.000000000000000000e+00 0.000000000000000000e+00
0.000000000000000000e+00 0.000000000000000000e+00
0.000000000000000000e+00 0.000000000000000000e+00
0.000000000000000000e+00 0.000000000000000000e+00
0.000000000000000000e+00 0.000000000000000000e+00
0.000000000000000000e+00 0.000000000000000000e+00
0.000000000000000000e+00 0.000000000000000000e+00
0.000000000000000000e+00 0.000000000000000000e+00
0.000000000000000000e+00 0.000000000000000000e+00
0.000000000000000000e+00 0.000000000000000000e+00
0.000000000000000000e+00 0.000000000000000000e+00
0.000000000000000000e+00 0.000000000000000000e+00
0.000000000000000000e+00 0.000000000000000000e+00
0.000000000000000000e+00 0.000000000000000000e+00
0.000000000000000000e+00 0.000000000000000000e+00
0.000000000000000000e+00 0.000000000000000000e+00
0.000000000000000000e+00 0.000000000000000000e+00
0.000000000000000000e+00 0.000000000000000000e+00
0.000000000000000000e+00 0.000000000000000000e+00
0.000000000000000000e+00 0.000000000000000000e+00
0.000000000000000000e+00 0.000000000000000000e+00
0.000000000000000000e+00 0.000000000000000000e+00
0.000000000000000000e+00 0.000000000000000000e+00
